16 19 25 30 41 55 66 69 59 45 26 15 12 17 29 42 55 59 58 49 37 26 19 18 21 23 23 20 14 10 8 6 7 10 14 18 20 21 20 17 13 12 13 14 15 15 16 17 20 23 26 29 30 29 26 20 14 8 6 9 11 14 15 14 11 9 8 8 10 11 17 24 34 42 45 43 36 29 23 20 20 23 24 23 20 15 14 11 8 6 4 4 4 4 4 4 6 9 14 27 42 55 64 63 55 38 23 14 12 15 18 21 20 18 15 14 12 12 15 19 26 32 35 30 22 14 11 13 17 21 20 17 13 10 9 12 15 15 16 16 18 24 30 35 33 26 18 9 8 9 19 31 46 58 59 54 41 28 17 9 5 4 4 6 6 8 10 9 9 7 6 8 10 15 20 23 24 22 17 11 7 6 8 
28 28 29 30 39 52 63 67 60 46 28 16 14 20 32 45 55 57 54 44 32 21 15 14 17 20 21 19 14 10 8 7 8 12 18 23 26 27 23 19 14 12 12 13 14 15 20 27 37 46 50 52 48 40 29 18 11 6 7 12 19 24 25 22 17 13 10 11 12 13 18 23 32 41 47 48 43 36 28 21 18 19 20 20 19 16 14 11 8 6 5 5 6 7 7 8 7 9 14 24 38 51 59 57 49 33 18 10 7 9 13 16 17 16 15 13 12 13 20 27 39 47 49 42 27 16 9 10 13 17 18 15 11 8 7 8 11 12 16 21 28 40 50 55 51 38 24 11 7 7 16 27 41 54 57 53 40 27 15 8 5 4 4 4 4 5 7 8 8 7 7 9 11 15 20 22 22 20 15 9 5 4 5 
35 32 28 26 31 39 49 53 49 39 26 16 14 19 29 40 47 47 41 33 24 17 13 13 15 17 18 17 14 12 10 9 10 14 20 27 32 33 28 22 16 14 15 16 17 21 32 46 65 83 90 90 77 60 39 22 11 7 11 16 26 34 36 34 26 19 13 11 11 12 17 21 30 41 49 53 50 43 32 21 17 16 18 20 20 17 14 11 7 6 6 5 7 9 11 11 9 9 12 21 32 41 47 44 35 22 12 6 6 8 11 14 15 16 15 13 12 16 24 36 51 59 59 48 31 17 9 9 11 14 15 14 10 7 5 5 7 9 15 25 39 56 70 76 69 53 34 16 8 7 12 21 32 44 48 45 34 23 12 7 5 6 6 6 6 5 6 9 10 12 13 15 15 17 18 18 18 15 12 7 4 3 4 
34 29 23 20 20 25 31 35 33 28 19 13 11 14 22 29 35 35 30 24 19 17 17 18 18 18 17 16 16 15 14 12 11 14 20 28 34 35 30 24 18 16 17 19 21 28 44 65 93 119 130 128 107 80 52 27 15 11 15 22 32 41 45 43 34 24 14 9 8 9 14 19 28 38 47 52 50 43 31 21 17 17 21 24 24 21 16 11 7 6 6 7 10 14 16 17 14 12 12 16 24 29 32 28 21 12 8 7 8 10 12 13 13 14 13 13 14 23 34 48 61 65 61 47 32 18 10 10 12 14 14 13 10 8 6 5 5 7 15 27 45 67 83 92 85 68 45 23 11 7 10 16 24 33 37 35 26 17 10 6 7 8 10 10 9 8 8 11 16 19 23 23 22 19 16 15 13 11 9 6 5 4 5 
30 25 22 19 17 16 17 17 16 14 10 8 7 10 15 19 23 22 18 16 16 20 26 28 28 24 20 18 18 18 18 14 12 14 20 27 32 33 29 24 18 16 16 18 21 29 50 78 114 146 159 155 128 94 59 30 18 13 18 26 36 45 48 46 37 26 14 7 5 6 11 17 26 33 40 44 42 36 27 21 19 21 26 29 29 25 18 12 8 7 7 10 13 18 20 22 19 14 13 14 17 21 21 17 12 8 8 10 13 15 15 15 13 13 14 15 20 31 42 53 61 59 52 40 28 19 13 13 14 15 16 15 14 12 10 7 7 8 16 28 47 73 94 109 106 90 64 34 16 7 6 11 17 23 27 26 19 12 8 6 6 10 13 13 13 12 12 15 21 28 33 33 29 22 14 9 6 5 6 5 5 5 6 
25 24 25 23 21 17 12 9 7 6 5 6 7 9 11 13 14 13 11 12 18 26 36 41 41 34 26 22 22 24 22 18 14 14 17 22 25 26 24 19 15 13 12 14 17 25 48 77 116 153 169 167 139 104 65 36 23 16 19 25 34 41 44 42 34 24 14 7 5 6 11 16 22 26 30 31 29 25 22 19 20 24 29 33 33 28 21 13 8 7 7 11 16 21 24 24 22 16 14 13 15 17 16 13 9 6 8 12 17 19 18 18 17 16 17 21 27 36 43 48 50 46 39 31 23 18 16 15 15 17 19 20 20 19 16 12 11 11 17 28 46 73 97 117 121 106 77 43 20 6 4 8 13 19 22 21 16 10 7 6 8 12 16 16 16 15 15 18 23 30 35 36 31 23 13 7 4 4 5 7 8 9 11 
25 27 29 30 27 21 15 9 6 5 7 9 11 13 13 12 10 10 9 13 21 31 42 48 47 39 32 27 26 27 25 20 15 12 12 15 18 19 17 14 11 9 8 10 13 20 39 63 96 130 147 149 127 99 67 41 29 21 20 22 26 31 33 32 27 20 14 10 8 9 11 14 17 19 19 18 18 17 18 18 20 25 30 33 32 27 20 12 8 8 9 14 19 23 24 22 18 14 11 10 12 14 12 10 7 6 9 15 21 24 24 24 23 23 26 31 35 37 37 36 33 29 26 22 19 18 17 17 18 20 23 27 29 28 25 19 14 14 18 29 45 71 95 116 122 108 81 46 22 6 3 7 12 18 19 18 13 8 7 8 13 18 21 21 18 16 16 17 21 25 29 30 27 21 15 11 8 8 8 10 13 15 18 
25 30 34 36 33 27 19 11 9 9 12 17 21 23 19 15 10 8 9 14 22 34 44 50 50 43 35 29 25 25 24 19 14 9 8 9 10 11 10 9 8 7 7 9 12 17 30 47 71 96 111 116 103 84 64 47 37 28 23 21 20 21 23 23 20 18 15 13 12 11 12 13 14 14 14 13 14 16 19 20 21 24 27 28 27 23 17 12 10 10 13 17 20 22 21 16 11 8 7 8 10 13 12 10 7 7 11 17 25 28 29 29 28 30 34 37 38 34 29 24 19 18 17 16 17 18 19 19 20 22 26 32 36 37 33 25 17 14 16 25 39 61 80 98 102 91 69 40 21 8 6 10 15 20 20 16 11 8 8 13 20 25 27 25 20 15 14 15 16 18 19 20 20 18 17 16 14 12 11 13 17 22 25 
25 31 36 40 37 31 23 15 13 14 20 27 32 33 27 20 13 9 9 16 23 33 42 47 48 43 35 27 21 19 18 15 10 7 5 6 7 9 9 9 9 10 13 17 20 24 28 33 43 56 66 72 70 63 57 49 45 35 26 18 14 13 14 14 13 14 15 16 16 15 15 15 15 15 12 12 13 17 21 22 22 22 22 21 21 19 16 15 14 15 17 20 21 19 15 11 6 5 6 10 12 16 15 12 10 8 11 17 25 29 31 31 30 31 34 36 34 30 25 20 18 17 16 16 16 17 19 20 20 22 25 31 36 38 35 26 18 12 12 18 30 45 58 70 71 63 48 29 18 10 11 15 20 22 21 17 12 11 12 20 27 32 33 28 21 14 11 11 12 13 12 12 13 15 16 17 16 15 14 16 22 29 33 
21 30 36 40 38 32 25 18 16 18 25 33 39 38 32 23 14 10 10 16 23 31 38 43 45 41 33 24 15 12 11 10 8 6 6 7 9 12 14 14 14 16 22 29 33 35 33 29 27 29 34 41 46 48 50 49 46 37 26 17 10 9 9 8 9 10 13 16 17 17 18 18 18 18 15 13 14 17 21 23 21 18 15 14 15 16 18 20 21 22 21 20 19 14 10 7 4 6 9 16 21 23 22 17 13 10 11 16 22 27 29 29 28 28 29 31 28 26 23 22 22 22 20 17 16 16 17 19 18 19 20 24 29 32 29 23 17 10 8 11 18 28 34 42 43 39 31 22 16 11 13 16 21 22 21 18 14 13 17 26 33 38 36 30 21 13 10 10 12 13 12 11 10 12 13 14 14 13 14 18 26 33 39 
16 25 33 37 37 32 26 19 16 19 26 35 41 41 35 26 16 11 10 14 20 26 31 35 36 34 27 19 12 9 10 10 10 9 8 9 12 17 19 22 23 25 31 39 45 46 39 30 21 18 22 30 39 45 49 47 43 34 23 16 9 7 7 7 8 9 10 14 15 16 18 19 21 21 18 15 14 15 18 19 18 15 12 11 12 16 20 24 26 26 23 19 16 11 8 5 5 9 15 23 29 31 29 23 17 11 11 12 16 20 22 22 21 21 24 25 24 25 26 28 31 29 26 20 14 12 12 14 14 13 13 14 17 20 20 17 13 9 8 9 12 16 17 20 20 19 17 16 14 13 14 15 17 17 16 14 14 16 23 32 39 42 38 31 21 13 9 9 12 14 14 12 10 9 8 8 8 11 14 21 30 39 46 
12 19 27 32 33 30 25 18 15 16 23 31 38 40 35 28 19 13 10 11 15 18 23 24 24 22 18 14 12 13 17 19 19 17 14 13 13 18 21 25 29 32 40 48 53 52 43 30 19 14 19 29 41 48 51 46 39 29 20 13 8 8 9 9 10 10 9 10 11 13 16 18 21 22 19 15 12 12 14 15 14 12 11 9 9 14 19 25 27 27 22 16 13 8 7 5 6 12 18 26 31 34 32 26 19 13 10 9 10 12 14 16 16 18 20 23 25 27 30 33 35 34 29 21 12 8 8 9 8 8 7 7 8 11 12 12 11 11 13 14 15 16 15 14 13 12 13 14 15 15 14 13 12 11 10 11 13 17 25 33 38 40 36 29 20 13 9 9 14 18 20 16 12 8 4 4 5 10 16 26 35 45 51 
10 14 21 27 29 26 22 16 13 14 19 27 34 38 36 30 22 16 12 10 12 13 15 15 15 13 12 12 15 21 28 31 30 26 20 15 13 15 18 22 28 33 42 49 52 49 39 27 19 17 24 36 48 54 55 46 35 24 16 12 11 15 18 18 16 13 10 9 9 13 17 20 23 23 20 15 11 9 10 12 13 12 12 10 9 12 16 22 24 23 18 14 11 8 7 6 7 12 18 26 31 34 33 28 20 12 7 5 5 6 8 11 13 16 20 25 29 32 34 35 35 33 29 20 11 7 5 6 6 7 6 5 6 6 6 9 11 16 21 25 26 24 19 13 9 9 10 14 17 18 16 14 12 11 10 11 14 18 24 30 34 34 30 25 17 11 10 11 17 22 24 20 14 9 5 4 7 13 19 29 38 47 52 
9 10 16 20 22 19 16 13 11 12 15 21 28 33 33 30 22 17 12 9 8 8 8 8 8 8 9 15 23 32 40 44 41 35 24 17 12 12 15 19 25 30 36 42 44 39 30 21 16 19 29 43 54 58 56 44 32 19 13 12 17 24 29 30 25 19 13 11 12 17 22 26 27 24 21 15 10 9 10 12 15 16 15 14 12 12 14 17 18 18 16 14 12 10 8 7 7 10 16 22 27 31 30 25 18 11 6 4 4 6 8 10 13 15 21 26 32 37 37 36 32 29 24 16 10 7 5 7 8 9 8 7 6 5 5 8 13 21 29 35 36 30 22 14 8 8 11 18 23 26 25 22 18 15 13 12 14 17 21 23 25 25 22 18 12 10 10 14 21 25 26 23 17 11 8 9 13 19 25 30 36 42 45 
10 10 13 14 15 15 14 12 11 11 12 17 21 26 27 25 20 15 11 8 6 5 5 6 7 10 12 20 31 40 47 49 44 35 24 17 12 13 15 19 22 25 28 30 31 26 20 15 14 22 34 50 62 66 62 48 34 19 13 14 23 34 41 43 36 27 19 18 23 32 38 40 36 29 21 14 8 8 10 15 18 21 20 19 17 15 15 15 14 14 14 15 14 12 10 8 7 9 12 17 21 25 25 21 15 9 6 6 7 9 11 12 12 13 18 24 32 39 39 38 31 24 17 12 8 7 8 11 13 13 12 10 8 7 7 11 16 24 32 37 37 30 23 14 9 9 14 24 32 37 38 34 29 22 18 14 13 14 17 18 19 19 16 13 10 9 9 14 20 23 24 21 18 14 13 15 19 24 28 30 32 34 33 
10 10 11 13 15 16 18 17 14 11 11 13 16 19 20 19 16 13 10 8 7 7 7 9 11 14 17 24 32 40 44 43 37 28 20 16 14 17 19 22 22 21 21 21 19 17 15 12 14 24 36 54 68 74 71 58 42 26 16 16 25 37 46 49 43 32 24 26 34 45 53 52 44 31 20 11 6 6 10 16 20 24 25 25 23 20 17 14 12 13 17 21 22 19 15 10 6 6 7 10 13 16 16 14 11 9 9 11 16 19 21 19 16 14 16 21 29 34 35 33 25 17 11 8 8 9 13 16 18 19 18 15 12 10 10 13 17 25 31 36 36 30 23 14 10 11 18 29 39 47 50 48 40 30 21 14 11 12 15 18 19 19 17 14 10 9 9 13 16 19 18 18 15 15 16 19 23 25 27 28 29 29 26 
13 13 14 14 15 17 20 19 17 14 12 11 11 13 13 12 12 10 10 9 9 9 12 15 19 21 22 24 27 32 35 34 29 23 17 14 15 18 21 24 22 18 15 14 13 13 12 12 15 24 37 56 73 82 83 71 55 35 21 18 24 35 44 47 42 33 27 29 37 49 55 53 43 30 18 9 6 5 8 13 18 23 26 28 26 22 18 14 13 17 24 29 31 26 19 11 5 4 5 7 9 11 11 10 10 12 16 20 26 30 31 27 21 17 18 21 25 27 26 23 17 11 8 7 8 10 16 20 23 26 25 22 19 15 13 14 17 24 29 32 32 27 20 13 10 12 19 31 42 52 57 55 47 35 23 14 10 11 16 22 26 27 24 19 13 9 7 9 11 13 14 14 14 15 18 21 23 24 25 27 28 29 26 
18 19 19 16 15 16 17 19 18 16 13 11 9 9 8 8 8 9 10 11 12 13 17 21 26 27 26 23 21 22 23 23 21 18 15 14 15 17 20 21 20 16 12 11 11 11 12 13 16 24 36 53 71 82 85 78 64 44 26 19 21 29 36 39 36 30 26 29 35 43 46 44 35 25 17 10 7 6 7 10 15 21 25 27 26 22 16 13 14 21 31 37 39 32 22 12 6 5 5 9 11 13 13 12 14 19 25 30 36 38 37 31 25 20 21 24 24 23 19 15 12 9 8 8 8 10 15 20 26 30 31 28 24 19 14 13 16 22 26 28 27 22 16 11 10 11 17 28 37 48 53 52 46 34 23 13 10 12 20 29 35 37 33 26 16 9 6 5 7 8 10 11 15 19 24 26 26 25 23 25 27 29 29 
24 25 22 17 14 12 13 16 17 16 14 11 9 7 6 5 7 10 12 13 15 16 18 22 27 30 28 25 21 17 16 17 18 18 17 16 15 14 16 17 17 16 15 14 13 13 14 14 16 22 31 46 60 70 75 72 63 47 30 20 19 23 27 28 26 24 23 26 29 32 33 32 29 25 23 19 14 11 7 7 10 16 20 23 22 18 12 11 15 24 35 41 42 34 24 14 9 8 10 15 18 18 17 16 19 27 38 45 48 45 40 32 25 21 21 24 24 20 15 13 11 10 9 8 7 8 12 17 24 29 32 30 25 19 13 10 13 16 20 20 20 16 13 11 10 11 14 22 30 39 45 45 39 29 20 12 12 15 25 35 42 44 39 30 19 11 7 4 4 5 7 12 18 26 33 36 34 28 22 22 25 28 30 
32 32 27 19 12 10 10 14 18 19 17 14 11 7 6 5 7 10 13 16 16 16 17 20 25 30 32 30 26 21 19 20 22 24 25 23 19 15 13 14 17 20 22 21 18 16 14 13 13 18 25 36 46 54 60 60 56 45 31 22 18 19 21 20 19 18 19 22 25 27 28 30 33 34 35 31 23 15 9 6 8 11 15 18 16 13 10 11 16 24 34 39 39 32 23 16 12 13 16 20 23 22 20 19 22 32 44 51 52 45 37 28 21 18 18 21 21 18 15 15 16 16 16 13 11 9 10 13 18 24 27 28 23 18 14 11 11 11 13 13 13 14 15 16 16 15 14 16 20 25 30 32 29 22 15 12 15 21 32 42 47 47 40 31 21 12 8 4 3 4 7 14 22 34 43 46 41 30 21 18 20 24 26 
39 36 29 20 12 9 10 15 22 24 22 19 14 8 6 6 8 11 14 16 16 14 14 15 20 26 31 32 32 31 32 36 39 41 40 34 26 17 12 12 18 23 27 28 23 18 13 11 10 14 18 24 30 34 40 42 43 40 34 28 22 19 17 15 14 14 15 17 18 21 28 35 45 51 53 48 35 23 11 4 3 5 9 11 12 10 9 12 16 23 30 33 32 27 22 18 15 16 18 20 21 22 21 21 24 31 40 45 44 38 30 20 14 12 12 14 15 14 15 17 21 25 25 23 19 15 13 13 14 17 20 23 22 20 17 14 13 12 11 11 13 18 22 26 26 22 17 13 13 14 18 20 20 18 14 14 18 25 35 44 47 44 37 30 21 13 9 5 4 5 8 15 23 36 45 48 41 29 19 13 14 17 19 
41 38 30 19 11 9 11 19 26 31 29 22 15 9 6 6 9 13 15 16 14 13 12 12 16 22 27 31 35 38 46 55 60 61 54 44 32 19 13 12 18 23 28 29 25 18 12 9 10 14 17 20 23 23 25 29 32 36 38 34 29 22 19 17 16 15 14 14 13 18 29 41 55 64 65 57 43 28 12 4 2 4 6 8 9 9 11 14 18 23 25 25 24 22 21 20 19 19 18 18 18 20 21 22 24 27 30 31 30 26 19 12 9 7 7 8 9 10 14 20 27 34 38 38 34 28 21 15 12 12 15 20 23 23 24 22 19 15 12 13 18 26 32 38 36 29 20 12 9 8 12 15 17 19 18 17 20 25 32 39 42 41 35 28 20 13 9 7 6 6 10 15 22 32 39 41 35 24 15 9 9 11 13 
41 38 30 20 11 9 13 21 29 33 31 23 15 9 6 6 9 12 13 13 11 10 9 10 13 18 22 27 34 42 57 71 78 77 64 50 32 17 11 10 15 20 26 27 23 16 11 10 14 20 25 27 26 23 21 22 27 34 40 40 35 29 25 23 22 21 18 15 13 16 26 39 54 62 62 54 40 26 12 6 4 6 9 10 10 12 14 18 22 23 22 20 18 19 21 23 23 22 19 17 17 19 22 23 24 24 21 19 17 14 11 8 7 6 6 6 5 7 11 20 31 41 48 49 45 37 28 19 12 10 12 16 22 25 28 28 25 20 17 21 30 43 53 57 49 38 25 15 11 10 13 16 20 22 22 21 21 22 25 29 32 31 28 23 17 13 12 11 10 9 11 15 21 29 33 33 26 18 11 8 9 9 9 
36 34 28 20 12 10 13 21 28 30 27 22 15 9 7 7 9 10 9 9 9 9 10 12 15 17 18 21 29 39 57 74 83 82 68 51 30 15 9 8 12 16 20 21 18 14 12 14 21 32 39 42 38 31 24 20 22 29 36 39 38 34 33 34 34 33 27 19 15 15 22 32 44 49 48 41 31 21 12 10 12 15 18 18 17 16 17 20 24 23 20 17 16 18 22 25 26 24 21 18 17 19 24 26 27 25 20 14 10 8 7 8 8 8 8 6 6 7 10 19 31 42 50 51 46 38 29 21 14 10 10 12 19 24 27 28 26 22 23 28 44 62 73 74 62 46 30 21 17 18 21 24 27 27 27 25 23 20 20 20 22 21 19 17 16 16 16 15 14 12 11 15 19 25 27 24 18 12 11 12 15 15 13 
28 27 23 17 11 10 12 19 23 27 24 21 15 11 10 9 9 9 8 8 9 12 15 18 19 19 17 17 22 30 46 63 74 77 64 48 28 14 8 7 10 13 15 15 13 12 13 17 27 39 48 52 48 39 29 22 20 23 29 32 34 35 39 43 45 43 35 24 16 13 16 22 29 31 30 25 20 15 14 16 22 27 30 30 27 23 21 21 22 20 17 14 14 17 22 27 28 26 23 20 19 21 24 27 28 25 19 11 6 4 5 9 11 12 11 8 7 7 9 16 26 35 42 43 38 31 24 19 14 10 9 10 14 17 21 22 21 20 26 37 59 81 93 90 74 54 37 26 25 25 29 31 32 32 30 29 27 25 22 20 18 16 14 14 16 19 20 20 16 14 12 13 18 21 22 19 14 11 13 19 23 25 20 
17 18 16 13 11 10 11 14 17 18 18 18 15 13 13 12 11 10 9 11 14 21 26 28 27 23 17 13 16 21 34 48 58 62 53 41 24 12 8 7 9 11 11 11 11 11 13 17 27 38 46 51 47 38 29 21 17 18 21 24 28 33 40 47 50 47 36 25 15 10 10 14 18 20 20 18 15 13 16 21 28 35 38 38 34 28 24 19 17 15 13 12 12 16 21 25 26 25 23 21 21 22 24 25 26 23 18 11 6 5 8 13 16 17 15 12 10 9 9 13 19 24 27 27 25 21 17 16 15 14 14 15 16 16 17 17 17 19 28 42 66 89 100 97 79 59 41 32 33 36 40 42 42 40 37 35 35 35 32 28 23 18 16 18 22 25 26 24 18 15 12 12 14 15 15 12 10 12 20 32 39 40 34 
11 12 12 12 12 11 11 11 11 11 12 15 16 17 18 18 15 13 12 15 20 29 35 36 34 28 20 14 12 15 21 30 37 41 37 31 20 12 10 9 9 9 8 8 9 9 11 15 22 30 36 39 37 32 27 23 21 21 21 21 24 29 36 43 45 43 34 23 15 8 7 8 11 12 13 11 10 11 16 23 31 39 42 43 39 32 25 18 14 12 11 10 10 13 16 19 20 22 23 24 25 25 25 24 22 18 15 10 8 9 11 16 19 22 21 19 16 12 10 10 12 15 16 17 15 15 15 16 18 21 22 23 24 22 20 20 20 22 29 40 61 81 92 90 74 56 40 34 37 44 51 54 53 49 44 41 40 43 42 38 31 27 28 31 34 36 33 27 19 15 10 10 10 10 10 8 9 17 29 45 54 55 46 
8 10 13 14 15 14 12 10 8 8 11 14 17 21 24 23 20 17 15 17 22 30 37 40 38 32 25 17 13 11 14 19 23 26 25 23 18 14 13 11 10 8 7 7 8 8 9 12 16 21 24 26 26 25 26 26 28 28 26 22 21 23 28 33 35 33 28 21 15 11 11 12 13 14 14 11 10 11 16 22 30 38 40 41 36 29 22 16 12 10 10 10 10 11 11 12 14 18 22 26 27 27 25 23 20 16 13 11 10 11 15 21 26 30 30 27 21 14 10 8 9 10 12 14 13 14 16 18 23 28 31 32 31 28 26 24 24 25 30 36 50 66 77 76 64 48 35 34 39 50 61 66 66 60 51 43 41 42 41 40 37 37 41 47 50 48 42 31 20 13 8 7 8 7 7 7 12 21 35 52 61 62 50 
9 13 18 22 23 21 16 11 8 8 12 17 23 29 32 31 26 20 15 15 19 27 34 39 40 36 29 21 13 10 9 10 13 16 18 19 19 17 16 13 11 8 8 8 9 9 9 9 11 12 16 18 19 22 24 27 30 31 29 23 19 18 20 23 25 25 23 20 18 18 19 21 23 23 20 17 14 13 15 21 28 35 36 34 28 23 18 13 11 11 11 12 12 10 9 9 12 16 21 26 27 27 25 22 19 16 13 12 12 12 17 24 31 36 36 31 23 15 11 8 9 13 18 21 21 20 19 20 24 30 33 36 34 32 29 26 26 26 27 27 35 45 54 54 47 36 29 32 39 51 64 70 73 67 57 47 42 42 40 40 40 46 55 65 69 64 52 34 20 10 5 4 5 6 6 7 12 20 33 48 56 56 45 
12 19 26 31 32 28 20 13 9 9 15 22 31 38 41 39 30 21 14 11 13 21 29 35 38 35 30 22 14 10 8 9 12 15 19 21 23 22 20 17 14 12 12 13 15 15 14 12 10 9 11 14 18 21 24 27 30 30 27 21 16 13 13 15 17 17 18 19 20 25 29 36 40 41 38 32 25 20 18 22 27 31 31 28 21 17 13 11 11 12 14 15 15 12 10 11 15 18 23 25 25 25 23 21 18 15 13 13 13 14 19 24 31 35 35 31 24 17 13 10 13 19 26 31 32 28 22 20 21 24 29 32 33 31 27 24 24 23 22 21 25 30 35 36 33 27 25 29 35 46 55 62 66 63 59 53 48 47 44 42 42 48 60 73 78 72 57 35 19 9 3 3 4 6 7 8 11 17 25 35 40 39 31 
17 25 32 37 36 29 20 13 10 11 19 29 41 49 50 45 33 21 12 9 11 18 25 31 33 30 26 20 15 11 11 13 16 20 24 27 27 27 24 20 18 17 18 20 23 23 22 19 14 12 12 15 21 25 29 30 30 28 25 20 15 12 11 11 12 12 14 17 21 29 37 48 57 62 61 54 43 32 24 22 23 25 25 22 16 12 10 12 15 18 20 20 18 15 13 16 21 25 28 27 25 23 21 19 17 14 12 12 12 12 15 19 24 27 27 24 19 15 13 12 16 21 30 36 37 32 24 18 16 18 22 26 28 27 24 21 19 17 15 16 19 22 26 27 25 22 21 23 27 33 39 45 50 54 57 61 64 65 60 52 46 47 57 68 74 69 56 36 19 9 3 3 6 8 9 9 11 14 18 23 25 23 18 
23 32 39 43 39 31 21 14 10 12 21 32 45 52 53 45 32 20 10 7 9 15 21 25 26 23 21 17 15 15 17 20 25 30 32 33 31 28 25 21 20 20 23 27 29 30 29 25 19 17 16 20 27 33 37 37 35 31 28 24 20 16 12 9 8 9 12 15 20 28 38 51 66 75 79 72 59 42 27 19 18 18 19 17 13 11 11 15 20 24 25 24 20 15 15 19 26 31 33 31 27 24 21 19 16 13 10 9 9 8 9 12 14 16 16 15 13 13 13 15 18 21 27 31 33 30 22 15 11 12 14 18 20 20 19 16 15 13 14 17 22 27 29 28 24 20 16 15 15 18 22 26 32 40 50 65 76 81 75 60 47 40 45 54 60 57 47 31 17 8 4 6 10 13 14 13 12 12 12 13 13 12 10 
26 35 42 45 40 32 23 15 11 12 20 29 40 45 45 37 25 16 9 7 9 14 18 19 19 17 15 15 17 20 26 32 38 41 40 36 31 26 24 22 22 23 26 30 31 33 32 29 24 21 19 23 30 38 42 42 39 37 38 39 36 30 21 12 8 8 11 15 20 28 37 49 68 83 92 86 71 50 30 18 13 12 13 12 11 10 12 19 26 32 34 31 24 17 15 19 26 32 35 34 30 26 22 19 15 11 7 6 5 5 5 7 9 10 11 11 11 13 14 17 19 20 22 23 24 22 17 12 9 8 9 13 14 15 15 14 14 15 19 24 32 38 40 36 28 19 11 8 8 10 14 16 21 29 41 60 75 81 75 58 42 30 31 36 42 41 33 22 13 8 8 11 17 21 21 18 13 11 9 9 9 10 11 
26 35 40 41 35 29 21 15 11 11 15 22 29 33 32 27 18 12 7 7 9 13 14 14 13 12 12 14 20 26 35 42 46 46 41 35 28 24 23 23 23 24 25 26 28 30 30 29 26 23 20 23 30 36 40 41 40 43 49 56 56 48 34 19 12 9 11 16 20 25 31 42 60 77 88 84 71 50 28 17 10 9 11 10 10 10 12 20 28 36 38 34 25 16 12 14 20 26 31 32 30 27 22 18 13 9 7 6 6 6 6 6 7 8 11 13 16 19 21 23 23 22 19 17 16 16 14 11 9 8 10 11 12 13 13 15 17 22 28 34 43 51 54 48 35 22 10 5 6 8 11 13 17 24 33 49 61 65 59 45 30 21 20 24 28 28 23 16 12 10 12 17 24 28 26 22 14 10 8 8 10 14 19 
23 28 30 29 25 21 17 15 14 15 16 18 19 20 18 16 12 10 10 12 14 15 14 12 10 9 11 16 24 31 40 45 47 43 36 30 24 22 22 23 22 21 19 20 23 25 26 25 24 22 20 22 26 31 33 33 35 44 57 68 71 62 46 26 14 9 10 14 18 21 25 33 48 62 72 71 59 42 24 16 11 11 13 12 11 10 12 18 26 34 36 31 22 13 8 8 13 19 25 29 29 27 22 16 11 8 9 12 14 15 14 12 11 12 16 20 25 28 30 31 30 26 19 15 14 14 15 14 14 15 17 16 16 15 14 16 21 28 36 43 52 58 60 52 38 23 10 5 7 10 13 15 18 20 25 32 37 38 34 27 18 12 11 12 15 16 14 13 13 15 20 25 32 35 32 26 17 11 8 8 13 19 30 
18 19 19 17 15 13 14 16 20 23 24 22 18 14 11 10 11 14 18 22 22 20 16 12 9 9 12 19 25 30 36 38 37 33 27 22 19 18 19 19 17 14 12 13 16 18 19 19 20 21 23 27 30 31 29 26 29 41 58 72 78 69 51 29 15 8 9 13 15 17 18 23 33 42 49 50 41 30 19 15 15 17 19 18 14 12 12 17 24 31 32 27 19 10 6 6 12 20 29 34 34 29 21 14 11 10 15 21 27 28 27 22 17 16 19 25 32 35 38 38 35 29 22 17 16 16 19 20 21 24 26 25 22 17 15 16 21 30 40 47 53 55 54 45 33 20 9 7 9 13 16 18 20 20 20 19 19 18 17 15 13 10 9 9 9 10 12 14 17 20 26 31 37 38 34 28 19 12 9 11 16 25 42 
13 11 11 10 9 10 13 20 27 34 36 33 26 16 11 9 14 20 28 31 31 25 18 12 9 10 14 19 23 25 27 27 25 22 19 17 15 15 15 14 12 9 8 8 10 12 13 14 17 22 29 37 42 39 32 26 26 36 51 66 72 64 49 28 15 8 9 14 16 16 16 17 21 26 31 32 28 23 17 16 18 23 25 24 20 16 14 18 25 31 32 28 21 11 7 9 18 30 42 47 46 36 24 17 14 20 31 43 52 54 48 36 25 19 20 26 33 38 39 39 34 27 20 17 16 18 22 24 28 33 36 35 29 21 14 14 20 31 41 47 49 46 42 33 23 15 9 8 11 15 18 20 22 21 17 14 11 9 10 11 12 13 12 12 11 12 13 16 19 23 28 33 38 37 33 27 19 13 11 13 18 29 49 
12 8 8 7 7 9 15 26 36 48 54 51 41 28 19 15 20 28 37 40 37 28 18 12 9 10 13 16 18 17 17 17 16 14 13 11 9 9 10 9 8 6 5 5 6 8 9 12 17 27 38 51 55 51 39 28 24 30 43 58 64 59 45 26 15 10 13 18 21 21 18 16 17 21 24 27 27 24 20 18 20 24 28 28 25 20 18 21 27 35 39 35 27 17 13 15 27 42 56 62 58 45 29 22 21 33 49 67 76 77 66 46 30 19 17 22 28 33 34 33 27 22 16 14 14 17 21 25 32 38 42 40 31 20 12 11 17 27 36 41 40 35 29 22 15 10 7 8 11 14 17 18 19 18 14 10 8 8 12 17 20 22 20 18 16 15 15 18 20 23 27 31 34 32 28 24 18 16 15 16 19 27 45 
16 12 10 9 9 10 17 29 41 57 66 66 56 42 31 25 27 34 40 42 37 27 17 11 8 9 10 12 13 12 10 10 10 9 9 8 6 6 8 9 9 9 7 6 4 5 7 12 21 33 47 62 66 60 45 30 23 26 37 50 55 50 38 24 16 15 20 27 30 27 22 16 14 17 21 26 27 25 21 17 17 21 26 28 27 23 22 25 32 41 46 44 36 26 20 22 34 49 65 71 66 52 36 29 32 49 67 85 93 89 72 48 28 14 11 14 21 27 27 26 21 16 13 10 11 12 16 23 32 39 42 37 27 17 9 8 13 20 28 32 32 27 23 17 11 8 6 7 9 11 13 13 13 12 11 9 10 13 21 27 31 32 29 23 18 16 15 17 19 21 24 27 28 27 24 22 20 19 20 19 19 23 35 
20 18 16 14 13 11 16 27 40 57 71 73 67 53 40 32 31 35 39 37 32 23 15 9 7 8 9 11 11 11 9 9 7 7 7 7 7 8 10 13 15 15 12 10 6 4 7 14 25 38 51 63 66 60 45 30 23 25 35 43 47 42 32 22 17 20 28 35 37 32 24 16 12 14 19 23 24 23 18 13 12 16 21 25 26 25 24 28 33 41 46 45 39 30 25 27 39 52 66 71 66 51 36 30 36 54 71 86 89 81 63 39 22 9 7 10 16 20 20 19 16 12 11 10 9 9 14 20 29 35 37 32 23 14 9 8 9 13 17 19 20 19 17 15 10 8 6 6 8 8 9 9 9 8 9 10 13 19 29 37 42 41 33 24 16 13 12 14 16 18 21 24 25 26 25 24 23 24 23 21 19 19 26 
21 21 21 19 15 11 13 22 35 51 65 70 67 56 45 36 32 33 33 29 24 17 12 9 7 8 10 13 15 16 15 12 9 7 7 7 9 11 16 20 24 24 21 15 9 6 9 15 27 38 50 59 59 52 37 24 18 21 29 37 40 36 29 21 20 23 31 37 37 31 22 15 10 10 13 16 17 16 12 9 9 14 18 22 24 25 25 27 30 35 38 37 32 26 24 28 38 48 59 62 56 43 30 25 30 43 58 68 66 58 43 26 14 7 7 11 15 16 16 16 15 14 14 15 13 12 14 17 24 29 32 28 22 14 11 10 9 10 10 11 12 13 13 13 11 10 8 7 6 6 6 6 6 6 7 11 17 25 35 43 46 41 31 20 11 8 8 10 12 14 16 19 22 24 27 29 30 28 24 19 15 14 17 
17 18 20 19 15 11 11 18 27 40 50 56 56 50 43 35 31 29 26 20 16 12 9 9 10 12 16 20 23 25 23 19 15 10 9 9 10 13 18 24 28 29 25 18 12 9 10 15 24 33 41 47 45 38 27 18 13 16 22 28 30 28 24 20 20 24 30 34 33 28 20 13 7 7 7 10 11 10 8 7 8 11 15 20 24 25 25 24 24 26 27 25 22 20 20 25 34 42 48 48 42 32 22 19 22 30 38 43 41 35 26 17 11 8 9 12 15 15 15 16 19 21 23 24 22 19 16 16 20 25 29 28 23 16 12 12 12 12 12 11 11 11 12 13 13 13 11 10 7 5 5 6 6 7 8 13 19 27 37 42 42 34 23 13 7 5 6 8 10 11 12 15 18 22 28 31 32 29 23 17 13 12 13 
12 13 15 14 12 9 10 14 20 28 35 41 43 41 39 34 30 26 20 15 10 8 8 10 13 19 23 28 30 31 29 23 18 13 11 10 11 12 16 22 25 26 23 17 12 9 10 13 19 25 31 35 34 28 20 14 11 13 18 22 22 21 20 18 18 20 24 26 25 22 16 10 7 8 9 13 15 14 12 9 8 9 13 18 21 22 22 21 21 21 21 19 17 16 15 19 25 30 33 32 28 22 18 16 16 17 19 20 19 17 14 12 11 12 13 14 15 15 15 20 26 32 37 39 36 29 21 17 16 20 25 28 25 20 17 16 17 16 15 13 12 11 12 14 16 17 16 14 10 7 6 6 7 9 11 17 23 29 36 38 36 27 18 10 6 5 6 8 9 10 11 13 15 20 24 27 28 25 21 17 15 14 13 
12 12 12 11 10 9 10 12 14 18 22 26 30 33 35 34 30 24 17 11 7 5 7 11 19 27 34 39 41 38 33 27 22 17 15 14 12 12 13 16 18 19 18 15 12 10 10 12 15 19 23 26 26 23 18 14 12 14 17 20 20 20 19 17 17 17 18 18 17 15 11 8 8 12 19 26 29 26 20 13 9 8 11 13 15 16 19 21 23 26 27 25 20 16 14 14 18 20 22 21 21 20 19 18 16 13 11 11 11 12 13 14 16 18 19 18 17 17 18 23 31 39 46 48 45 36 27 20 16 18 22 25 24 21 20 20 22 22 21 16 14 13 14 17 21 24 23 20 15 11 8 7 10 14 19 24 28 30 31 29 24 17 12 8 6 8 10 12 12 12 11 10 11 14 17 19 21 21 21 21 21 20 17 
21 19 16 12 10 10 11 12 14 16 18 20 24 28 31 32 29 24 17 11 8 6 8 13 23 33 42 48 48 42 34 27 22 18 18 17 15 12 10 10 10 11 12 12 11 10 10 10 11 14 18 23 25 24 20 16 13 13 15 17 17 17 17 16 14 12 11 10 9 8 7 8 14 23 36 48 52 48 35 21 10 6 6 7 10 12 16 22 28 34 36 33 26 18 14 12 13 14 15 15 17 19 21 22 20 15 11 8 7 10 15 19 21 24 25 25 23 22 21 24 30 36 44 46 44 38 30 24 20 20 20 20 20 18 20 22 25 27 25 20 16 14 15 20 25 28 29 26 21 15 11 9 12 18 26 31 32 29 24 20 14 11 9 8 10 13 16 18 17 16 13 10 9 8 9 11 15 18 22 26 27 25 21 
38 35 28 19 13 11 12 15 17 20 21 20 22 25 27 27 25 20 15 12 10 10 11 15 24 35 45 51 49 42 31 23 19 16 17 18 17 14 11 8 7 7 8 9 10 10 10 9 10 14 20 27 31 30 24 18 14 11 12 13 14 15 15 14 12 10 8 7 6 6 6 10 21 34 52 68 72 66 47 28 13 5 3 3 6 9 14 23 30 40 44 41 32 22 16 13 13 13 12 12 16 21 27 31 29 23 15 8 7 10 17 24 28 31 32 31 29 26 22 22 24 29 34 36 36 33 29 26 23 21 18 15 13 13 16 20 24 27 25 21 16 14 15 20 27 32 35 33 28 19 13 10 11 19 27 33 32 27 19 13 9 8 9 11 14 19 22 23 21 19 15 12 8 6 6 7 11 16 22 27 28 26 22 
58 52 40 26 16 13 15 22 26 30 29 25 22 20 21 21 22 20 18 17 16 16 16 17 22 31 40 45 43 36 25 17 14 13 15 17 16 14 11 8 6 6 7 9 10 9 9 8 10 16 25 36 41 41 34 25 17 11 10 9 11 12 12 12 10 9 8 8 8 8 8 13 25 41 60 76 80 72 50 31 14 5 4 4 6 8 12 20 29 40 46 44 36 26 21 16 15 14 13 14 17 25 33 38 37 29 19 10 8 11 18 26 31 35 35 32 29 25 21 18 19 22 24 25 25 24 23 23 21 20 16 11 8 8 11 16 21 22 22 19 16 14 15 20 27 33 36 35 30 20 13 8 9 15 22 28 27 23 17 14 13 13 15 16 20 23 26 26 25 22 18 15 10 7 6 6 9 14 22 26 28 25 21 
67 59 44 27 16 14 19 28 35 40 36 30 22 16 16 19 23 26 27 28 28 25 21 17 17 22 28 32 32 25 19 15 14 16 17 18 16 14 11 9 8 8 8 9 10 9 8 8 11 18 30 43 49 49 41 31 21 13 9 7 9 10 9 9 9 10 12 13 14 15 14 17 26 38 55 68 72 65 47 30 15 7 5 5 6 7 11 19 28 39 45 44 37 28 23 18 17 15 14 16 19 27 34 39 38 30 19 10 7 9 17 26 32 37 36 31 26 21 18 16 17 18 20 21 20 19 17 16 16 16 13 11 8 7 9 13 16 18 18 16 15 15 16 21 25 30 32 30 26 17 10 5 6 10 15 20 21 20 19 21 24 25 25 24 23 24 25 26 26 24 21 18 14 11 9 7 9 14 19 23 24 22 17 
67 56 40 23 14 14 21 32 40 45 41 33 21 15 15 22 32 38 43 43 41 33 24 17 13 14 17 21 21 18 18 18 21 24 24 22 17 14 12 10 10 10 10 10 10 9 8 7 11 19 30 42 48 48 41 31 21 13 9 8 8 9 8 8 9 12 18 21 25 26 24 22 23 28 38 47 51 47 37 26 16 11 9 8 7 7 9 17 24 34 39 39 35 27 23 21 18 16 15 17 20 27 34 37 35 26 17 8 5 7 13 21 28 33 32 28 23 19 18 17 19 20 22 22 19 15 11 9 10 12 13 12 11 10 10 10 12 14 14 15 16 18 21 24 25 25 25 22 18 13 7 3 5 9 13 18 20 22 26 32 39 42 39 32 25 22 22 24 27 26 23 20 16 13 10 9 9 12 14 18 18 17 14 
62 49 34 18 11 12 19 29 38 42 38 30 19 15 17 30 45 57 64 62 54 40 26 15 8 7 8 10 13 16 21 26 33 36 33 28 20 15 12 11 12 12 13 13 12 11 9 8 11 16 25 34 39 38 33 26 18 11 9 9 10 11 10 9 10 14 23 31 37 39 35 27 20 19 24 29 33 31 26 20 17 15 14 11 9 7 8 12 19 27 32 32 29 24 23 22 20 18 15 16 20 27 32 34 30 22 14 6 4 5 9 15 20 25 27 26 24 23 23 24 27 29 31 28 23 15 9 5 7 11 16 20 20 18 15 12 11 13 14 17 21 24 27 27 25 22 19 15 11 8 6 5 8 14 20 25 28 30 36 44 53 56 51 39 25 18 17 21 26 27 26 22 18 15 12 9 9 10 11 13 13 11 11 
56 44 30 16 9 9 15 23 29 33 29 23 16 14 19 35 54 69 76 71 59 41 24 13 6 5 5 6 10 16 23 32 39 42 38 32 22 15 11 11 13 15 18 19 18 15 11 9 11 13 18 23 25 24 20 17 13 9 10 11 13 13 12 11 10 16 27 38 49 52 47 35 21 15 13 15 19 20 20 21 23 24 23 19 15 10 8 8 13 18 23 23 22 22 24 26 25 21 16 15 19 24 28 29 25 18 11 4 3 3 6 10 14 20 24 28 31 32 33 34 36 40 40 36 28 18 10 6 9 16 23 30 31 27 20 16 14 15 18 22 26 29 30 27 24 20 15 11 9 7 8 10 16 23 30 37 38 38 41 47 55 58 53 40 24 16 14 18 23 27 27 24 21 16 13 10 9 9 9 9 9 8 8 
50 41 28 15 9 8 10 17 20 23 22 17 12 12 17 33 52 68 75 69 56 36 20 11 5 6 7 8 11 15 22 29 36 40 37 31 21 13 9 10 14 18 23 25 24 20 15 10 9 11 13 15 15 14 12 10 9 9 11 13 15 15 13 11 10 15 27 39 52 57 52 40 24 16 11 11 14 18 22 28 34 38 38 32 24 16 8 6 9 12 16 16 17 21 26 31 31 26 20 17 18 20 22 22 19 14 10 6 6 6 7 9 11 17 25 33 38 40 41 43 45 51 51 46 35 21 12 8 12 22 31 40 41 37 28 21 18 18 22 27 33 36 35 29 22 16 12 10 9 10 13 18 26 34 41 45 44 39 38 41 47 49 46 34 21 14 12 17 23 28 28 27 24 19 15 11 8 7 8 8 7 7 7 
38 32 23 13 9 8 9 12 15 16 15 11 8 8 12 25 41 54 60 55 44 29 19 16 15 16 16 14 11 12 18 25 32 38 37 31 21 13 8 9 15 21 28 31 30 25 18 11 7 8 9 10 9 8 7 6 7 9 12 16 17 16 12 9 8 13 24 36 49 54 51 40 25 18 12 13 15 19 27 35 45 51 52 44 32 21 10 6 7 10 14 14 17 21 28 33 33 30 24 20 20 18 18 17 15 13 12 12 13 13 12 12 13 18 26 34 40 41 40 43 47 54 56 50 39 23 13 10 16 27 37 46 48 43 34 26 21 22 29 40 51 58 56 45 31 19 13 12 13 19 24 32 39 45 49 48 43 34 27 28 30 32 31 24 17 13 13 18 24 28 30 30 29 24 19 14 11 10 8 8 7 7 8 
26 22 17 12 10 9 10 11 13 13 12 9 6 5 8 16 26 35 39 36 31 26 24 28 33 36 32 24 15 11 13 20 28 35 35 29 19 11 8 9 15 21 27 31 31 25 18 11 5 5 6 7 7 6 4 4 6 10 14 19 19 17 12 9 8 10 19 28 38 43 42 34 24 18 13 13 14 19 30 40 52 59 60 52 37 25 13 8 8 12 16 19 23 25 28 31 32 32 31 29 26 20 16 14 14 16 20 23 24 23 21 17 15 17 22 28 32 33 33 35 41 48 51 46 35 22 14 12 19 30 41 48 49 45 36 28 23 27 39 59 79 90 88 71 49 30 18 18 21 28 35 43 49 51 50 44 35 25 17 16 17 19 19 17 14 13 15 20 24 28 31 31 31 29 25 22 18 17 14 11 10 10 12 
19 19 18 16 15 13 11 10 10 10 10 8 6 6 6 11 16 21 24 24 23 26 33 43 54 57 51 36 22 12 9 15 24 31 31 27 18 9 6 8 13 18 23 25 25 21 16 9 5 5 7 8 8 7 5 5 6 11 16 20 20 17 13 10 9 10 15 19 25 29 30 27 21 17 13 12 13 17 27 37 49 56 57 50 36 25 14 11 13 19 26 31 34 34 31 29 29 32 35 35 31 23 17 15 16 21 27 34 37 37 33 26 19 15 16 18 20 21 21 25 31 37 40 37 29 19 15 15 22 32 40 47 47 42 33 26 23 33 55 85 117 133 132 106 73 44 27 27 30 37 42 47 50 50 45 36 27 18 12 11 13 15 15 15 14 13 15 19 22 26 29 31 33 33 33 31 28 26 23 18 17 15 15 
24 29 31 30 25 19 13 10 8 8 9 9 9 9 8 9 10 11 12 14 17 28 41 58 75 80 74 54 34 17 9 11 16 23 25 22 14 9 5 6 9 13 16 16 16 13 11 7 6 7 9 12 12 10 8 6 7 11 15 18 17 16 14 12 11 11 13 14 17 18 21 21 19 18 14 11 11 13 21 29 40 47 48 42 32 22 15 14 18 27 37 44 46 43 36 30 28 30 33 34 31 25 20 18 19 23 29 37 44 47 43 34 24 15 12 11 10 12 13 17 22 27 29 28 23 18 16 17 22 29 36 40 39 34 26 21 22 38 65 101 139 157 155 124 86 54 34 33 35 39 40 40 39 38 33 25 18 13 10 11 13 15 15 16 15 14 15 17 19 23 27 30 33 38 44 48 49 47 43 34 28 22 18 
37 46 49 45 36 26 16 11 8 8 9 11 13 13 12 10 9 8 8 11 15 28 44 63 83 90 86 66 44 24 12 12 16 23 25 22 15 9 5 3 6 7 9 9 9 7 7 7 8 12 14 18 17 15 12 8 7 9 11 14 15 17 20 24 27 27 23 18 14 12 14 17 21 22 22 18 13 11 13 19 27 33 34 30 24 18 16 19 26 39 52 60 61 54 42 29 23 23 25 27 27 24 20 19 18 21 25 35 45 51 52 44 32 18 10 7 6 8 10 13 17 20 22 22 21 20 18 19 22 26 30 32 30 25 19 17 21 38 64 98 132 149 144 115 81 52 34 32 33 33 30 28 25 24 22 18 15 12 11 13 15 17 17 17 16 14 14 14 16 19 24 28 33 43 52 65 71 70 64 52 40 27 19 
46 58 60 55 42 30 16 11 7 7 10 14 18 19 19 15 11 7 6 9 13 26 41 60 79 88 85 68 47 29 18 21 27 34 35 30 19 11 5 2 3 4 5 6 7 7 8 9 11 15 19 22 21 19 16 12 8 7 7 10 15 20 30 42 49 52 44 33 21 14 13 18 26 31 33 28 21 13 9 10 15 20 21 19 16 15 18 26 35 51 66 75 74 63 46 27 16 14 15 19 21 21 20 17 15 16 19 29 39 48 52 47 36 21 12 8 9 11 13 13 13 14 15 16 17 19 19 19 20 20 21 22 20 17 14 14 18 33 53 79 104 115 110 88 63 43 30 29 27 25 20 18 16 15 15 14 15 15 14 16 18 19 19 17 14 11 11 10 11 15 19 24 31 44 57 74 84 86 80 64 48 30 17 
48 58 61 56 45 32 18 11 7 7 12 17 24 27 28 24 18 13 9 10 14 24 36 53 69 77 76 62 45 32 29 37 48 55 53 43 26 13 5 2 3 4 6 7 8 9 10 11 14 16 19 22 24 23 20 15 10 7 7 8 15 24 41 59 73 78 68 52 33 21 18 22 32 39 43 38 29 18 9 6 8 12 13 13 14 15 21 32 43 60 73 82 80 65 46 25 12 9 10 15 18 20 19 15 12 12 15 22 31 39 44 41 32 22 16 14 17 19 20 17 14 12 10 11 13 17 19 19 18 16 15 14 13 13 11 12 15 23 35 50 63 68 64 52 39 29 23 23 21 20 17 15 14 14 14 15 18 19 20 20 21 21 20 16 12 9 7 8 9 13 17 19 28 43 59 80 93 96 89 69 50 29 16 
41 48 53 52 43 33 21 13 9 9 13 19 27 32 35 33 25 19 14 13 15 23 31 43 55 62 60 49 38 32 37 49 62 69 63 48 28 14 5 2 4 7 9 10 11 12 13 14 16 17 19 22 26 27 24 19 13 9 7 8 17 29 49 72 87 94 85 68 45 29 24 26 34 42 45 41 32 19 8 3 4 8 9 11 12 14 20 31 43 61 74 81 78 63 43 22 10 6 8 14 18 21 20 16 12 10 11 17 23 30 33 31 26 22 21 22 26 28 26 22 17 13 8 9 11 15 18 18 17 15 12 11 11 10 10 10 10 15 20 27 34 36 34 29 24 20 18 20 20 21 21 21 19 18 17 19 21 22 23 23 22 20 19 15 11 8 7 9 11 14 17 17 23 37 55 77 91 94 85 64 45 25 16 
32 37 43 44 40 32 22 15 10 10 15 21 31 38 41 38 30 22 17 16 16 21 27 34 42 46 44 37 30 28 35 47 60 64 56 42 24 12 5 4 6 8 10 11 13 15 16 16 16 18 20 23 26 29 27 22 15 10 8 11 20 32 51 71 85 92 85 70 49 32 26 25 30 36 37 35 27 15 7 3 4 8 10 12 12 12 16 25 35 51 63 69 67 53 36 19 10 6 10 16 20 24 23 19 14 10 9 14 18 23 24 22 21 22 25 30 35 37 35 29 21 13 8 7 10 15 19 21 21 19 16 11 8 6 6 6 6 9 11 12 13 14 13 12 12 12 14 17 21 25 27 28 25 21 18 17 19 20 21 21 20 18 16 11 9 8 10 14 16 18 18 17 20 30 46 68 82 86 76 56 39 24 19 
24 27 31 34 34 28 20 14 9 9 13 19 29 36 39 37 29 22 16 15 14 16 19 23 27 29 28 24 22 22 27 35 42 43 38 28 17 10 5 5 7 9 10 12 14 16 17 17 17 19 21 24 27 29 27 21 14 10 10 14 21 31 45 61 72 78 75 63 46 30 22 19 20 24 26 24 18 10 5 4 5 9 11 12 11 11 12 18 26 38 48 54 52 42 29 15 9 8 13 19 24 26 25 21 15 11 11 14 17 20 20 18 18 21 26 33 39 41 39 32 22 13 8 8 11 16 22 26 28 27 22 15 9 5 5 5 5 7 8 8 7 7 6 6 8 9 13 17 24 29 33 32 28 22 16 13 14 16 17 17 16 14 10 8 8 11 17 23 27 28 24 20 18 22 33 50 62 66 58 44 31 24 25 
19 21 24 26 26 22 16 12 9 8 10 14 22 28 31 29 24 19 14 12 12 12 14 15 18 18 18 18 19 20 22 23 23 21 19 15 11 9 6 6 8 9 11 14 16 18 19 19 19 19 21 24 26 26 23 19 14 11 12 15 20 25 33 43 51 56 56 49 36 23 15 10 11 12 14 13 12 9 7 7 9 12 13 13 10 8 7 10 14 22 29 33 33 27 19 10 8 9 14 19 24 26 25 21 16 14 14 17 19 20 19 17 16 18 23 31 38 41 39 31 21 13 8 9 14 20 27 32 35 33 27 18 13 9 7 7 7 8 8 8 9 8 8 8 9 11 15 20 26 31 34 33 28 21 14 10 11 13 14 14 13 10 7 7 10 16 25 35 40 40 34 28 21 19 24 34 42 45 40 32 26 25 30 
14 16 19 20 19 17 14 12 11 11 10 10 14 17 18 18 15 13 11 11 12 13 14 14 14 13 14 17 20 25 26 24 18 14 12 11 10 9 8 8 9 10 13 16 20 22 23 22 19 19 20 21 22 22 19 17 15 15 15 15 16 18 21 27 31 37 38 34 25 17 11 7 7 6 7 9 11 12 12 13 16 18 19 18 13 9 5 4 5 9 14 16 16 14 10 7 6 9 13 17 22 24 24 21 18 18 20 23 25 24 20 17 14 14 18 24 31 34 32 26 18 12 8 11 16 24 31 37 40 38 32 24 20 16 14 14 14 13 12 11 10 9 9 9 9 11 16 22 28 32 34 32 27 19 13 10 12 16 18 17 14 9 6 8 14 23 35 47 53 53 47 39 28 20 19 22 27 30 29 26 24 27 35 
14 17 18 17 14 14 15 17 21 22 19 15 12 10 9 9 10 10 12 15 19 22 22 21 17 14 13 17 22 28 29 25 18 13 12 14 16 16 15 13 13 14 17 21 24 25 23 20 16 16 17 18 19 17 17 16 16 16 16 14 12 12 12 14 17 22 25 24 20 16 12 8 6 5 7 9 12 16 19 20 24 26 28 26 20 14 6 3 2 5 7 9 9 9 7 6 6 8 11 15 20 22 22 20 20 22 26 30 30 28 22 17 13 12 14 18 23 25 23 19 14 10 9 12 17 25 31 38 41 39 36 30 26 24 23 23 22 20 17 15 12 10 9 9 10 12 17 23 28 32 32 30 24 17 14 16 21 28 30 27 21 14 10 11 18 29 44 59 66 68 62 52 37 25 19 19 23 25 26 25 25 30 37 
19 21 20 17 14 15 20 27 34 37 34 28 18 11 7 7 9 11 16 23 30 35 34 31 24 18 15 17 22 26 27 24 20 17 20 24 29 29 27 22 19 19 21 23 24 23 19 15 11 11 12 13 14 13 14 15 17 18 18 15 11 9 7 6 8 11 17 20 24 23 21 16 10 7 7 10 14 19 24 26 32 37 39 35 28 20 10 4 2 3 5 7 8 8 7 7 6 7 9 12 16 19 19 18 20 23 29 34 35 32 24 18 12 10 11 13 16 17 16 13 11 11 12 14 18 25 30 38 41 40 37 31 28 28 30 30 28 25 21 17 13 10 9 9 11 14 17 21 26 29 29 27 22 17 17 25 33 42 45 40 31 21 16 14 20 31 47 63 72 75 68 57 41 29 23 25 32 35 35 32 30 31 35 
27 28 24 18 15 17 25 37 48 54 51 42 29 18 11 8 9 13 23 33 42 47 45 38 28 20 15 15 18 22 23 20 18 21 25 34 41 43 38 30 25 23 22 22 21 18 13 9 6 7 8 9 11 11 11 14 18 21 21 20 16 12 7 5 5 9 17 24 32 35 32 24 15 9 7 10 14 19 24 28 37 43 47 43 34 24 14 8 6 6 8 10 12 13 13 14 14 13 13 13 13 15 14 15 18 22 28 35 36 34 26 18 12 8 9 11 12 12 11 10 12 14 17 19 21 26 30 35 38 36 34 30 28 30 32 33 31 26 22 17 13 9 8 9 11 14 16 18 20 22 21 19 17 17 23 36 49 60 61 53 40 27 21 17 23 33 48 63 73 75 67 53 37 27 27 35 46 52 50 41 33 28 29 
39 37 31 21 17 19 32 47 64 75 73 65 49 35 22 12 11 15 26 38 49 53 50 41 29 20 14 13 15 17 19 18 18 24 31 43 53 55 49 37 28 21 19 18 16 13 9 6 6 7 8 10 11 11 11 14 20 25 28 27 22 15 8 4 4 9 19 30 40 43 39 28 16 10 7 8 11 16 21 27 37 46 50 48 39 28 17 12 10 11 13 15 17 20 22 26 26 25 21 17 14 13 12 13 15 19 24 30 32 32 26 18 12 9 10 13 14 14 13 13 15 18 21 23 24 26 28 30 31 30 29 28 28 29 31 30 28 23 21 17 12 9 7 9 10 12 13 13 14 13 13 11 13 17 30 49 67 80 80 69 51 34 25 19 22 30 43 55 63 63 55 41 28 25 31 46 60 68 64 50 37 28 27 
50 45 36 25 19 21 35 53 74 89 91 84 68 51 33 18 13 15 24 35 46 51 47 39 28 19 13 12 14 16 19 19 19 24 32 45 55 57 51 38 26 17 14 12 11 9 8 9 12 15 17 18 15 13 13 16 23 30 35 34 27 18 9 4 4 11 21 34 44 46 40 28 16 10 7 9 12 15 18 24 34 43 48 47 38 28 18 14 13 16 19 21 25 30 36 42 44 43 37 28 20 14 12 13 14 17 20 25 27 27 24 19 15 14 17 19 20 20 18 17 17 19 21 23 22 23 21 21 21 22 25 28 30 31 29 27 24 20 19 16 12 9 6 6 8 9 9 9 9 9 9 9 12 19 35 58 80 95 94 80 60 39 28 20 20 25 34 43 49 47 39 29 21 23 31 49 64 71 66 52 39 32 33 
61 55 43 28 20 22 37 59 82 100 104 99 83 65 44 25 18 16 22 32 40 45 42 36 27 19 15 15 18 19 21 20 21 24 29 39 47 49 43 32 21 14 10 10 9 9 11 15 22 27 30 28 23 16 15 17 24 33 37 36 28 19 10 6 6 12 22 33 42 43 36 25 15 10 9 13 16 18 18 22 29 35 39 38 31 24 17 14 15 19 22 25 32 38 47 56 60 59 50 37 24 15 13 12 13 14 15 18 21 22 23 21 19 21 25 29 30 29 26 23 19 17 17 18 18 18 16 15 16 19 24 31 32 30 25 21 18 16 15 13 10 8 6 5 6 6 8 8 10 11 11 11 14 20 35 61 83 100 100 86 64 43 31 23 20 22 26 30 34 33 28 22 18 22 30 45 57 62 57 48 41 40 43 
66 60 46 30 21 22 36 56 79 96 101 98 83 65 44 26 19 15 19 25 30 34 34 31 26 21 18 18 20 23 24 23 21 21 23 28 33 35 32 25 18 13 10 8 7 9 15 24 35 42 45 39 30 20 16 16 22 30 35 35 29 22 14 9 8 12 20 28 34 34 28 19 13 11 14 19 21 23 22 22 23 25 27 26 23 19 15 15 16 19 21 25 33 42 53 63 67 65 54 39 25 15 12 12 12 12 12 14 18 21 24 24 23 25 29 35 38 37 33 26 20 15 12 14 16 19 19 18 19 22 27 33 33 29 23 19 15 12 11 10 9 8 7 6 6 8 10 13 17 20 21 20 21 22 33 54 73 89 89 77 59 43 33 28 24 23 21 19 21 21 21 19 19 20 26 35 42 45 42 38 38 43 49 
64 57 44 29 21 21 32 48 67 81 85 81 66 49 32 20 16 13 15 17 20 23 26 27 25 23 20 20 21 25 26 25 21 18 17 18 20 22 22 20 18 15 12 9 8 10 18 30 43 52 54 46 36 24 16 14 19 25 30 32 29 24 18 13 10 11 15 19 22 22 19 15 13 16 21 26 28 28 23 19 15 14 14 15 16 18 19 20 19 19 21 24 32 40 51 59 61 58 48 35 23 15 13 14 15 14 13 13 16 20 24 24 24 26 29 36 41 41 37 29 21 14 12 15 21 27 28 28 27 27 29 31 32 29 25 20 16 12 10 9 9 9 9 9 9 12 16 20 26 29 30 29 27 26 31 43 56 68 68 60 48 38 35 33 31 28 22 18 17 17 19 21 21 20 22 25 29 30 29 29 32 40 49 
52 48 37 26 19 18 25 38 53 63 65 58 45 33 21 15 13 12 12 12 14 17 20 23 24 23 21 20 21 23 24 24 21 17 15 13 13 15 17 17 18 17 14 11 9 11 17 30 43 52 55 48 38 26 16 13 16 22 27 29 29 25 19 14 11 10 11 13 15 15 14 14 15 20 25 29 32 29 22 16 9 8 8 12 16 22 27 29 26 22 20 21 26 32 39 44 45 41 34 26 20 19 23 27 28 24 17 13 13 17 20 21 21 21 24 30 36 38 36 29 21 14 15 22 33 43 46 44 38 33 31 32 34 36 33 28 21 15 11 12 14 15 15 15 15 18 22 27 34 37 38 37 33 30 30 35 42 47 46 41 35 32 34 38 39 37 31 24 18 16 17 20 21 21 20 19 20 20 20 22 28 36 44 
37 34 27 19 14 13 18 26 36 43 43 37 27 20 14 12 12 12 12 12 13 15 17 20 22 21 21 20 19 20 21 21 20 16 13 11 10 11 15 17 19 20 17 13 9 10 15 25 36 44 48 43 35 24 15 11 11 16 22 26 26 23 18 13 10 9 10 11 11 12 12 15 17 22 27 29 29 26 20 14 9 9 10 15 21 29 37 39 35 27 20 17 19 23 27 30 31 27 22 19 20 27 37 46 45 36 23 13 10 12 15 16 15 15 17 21 26 30 30 25 19 15 19 29 44 57 60 56 44 35 30 32 37 43 42 36 27 21 19 22 26 27 25 23 21 22 25 31 37 41 41 39 35 31 28 29 31 33 31 27 24 26 32 39 43 45 40 31 22 16 15 17 20 21 21 20 19 17 17 19 24 31 38 
27 25 20 14 10 8 13 18 25 30 31 28 23 18 14 13 13 13 15 17 18 21 22 22 22 20 19 18 17 16 16 16 16 15 13 12 13 14 18 23 25 24 20 15 9 9 12 18 25 30 34 31 26 19 12 9 7 10 15 18 18 17 14 11 11 12 13 14 13 13 12 15 18 22 25 24 22 18 14 11 11 14 16 21 27 36 44 47 43 31 21 14 11 12 14 16 17 15 14 15 22 37 53 65 63 49 30 14 9 8 11 13 12 11 11 14 17 21 21 18 16 15 21 32 48 60 62 56 43 33 26 28 35 43 44 39 32 28 30 36 41 41 36 28 23 21 24 30 36 39 39 36 32 28 26 26 28 30 28 25 23 25 29 35 41 44 42 34 24 15 13 14 18 22 25 27 26 23 20 20 22 26 33 
17 16 14 10 7 7 9 13 19 25 27 28 26 21 17 14 14 15 20 25 30 34 35 31 24 20 17 14 14 13 13 13 13 13 12 14 16 20 26 31 32 29 23 16 11 9 9 13 17 19 20 19 17 13 8 6 6 7 9 11 11 10 10 11 14 17 19 20 19 16 14 15 17 20 21 18 15 11 10 11 16 21 26 30 33 39 45 46 42 31 21 11 6 6 8 10 11 11 11 14 24 43 62 75 73 58 38 19 12 8 10 14 15 14 12 12 12 14 13 13 12 15 23 32 45 52 53 46 35 25 20 22 28 33 36 34 34 38 45 56 61 58 49 34 24 19 22 27 33 36 36 31 25 22 20 21 24 26 26 25 26 27 30 32 36 39 38 32 24 15 12 14 21 28 33 35 34 30 24 21 20 23 31 
13 13 13 10 7 7 10 15 23 32 38 42 40 32 24 17 15 17 26 36 47 53 53 44 31 22 15 12 11 11 11 10 10 11 11 15 21 27 36 42 42 37 28 19 12 9 9 10 11 12 12 10 9 8 6 7 9 10 9 9 8 7 8 12 17 23 26 26 24 20 16 15 15 15 15 13 11 8 9 13 22 29 34 37 37 38 40 40 35 27 17 11 7 6 8 11 13 12 12 14 24 42 59 72 72 61 44 25 17 13 16 21 24 22 19 17 14 12 11 11 11 15 22 29 36 40 39 33 24 17 13 15 19 22 24 26 32 44 56 69 73 68 54 36 24 16 18 24 30 33 32 26 19 17 16 20 23 25 26 28 31 32 32 31 29 30 29 26 20 15 14 19 28 37 43 44 42 36 27 22 20 23 29 
14 16 16 14 10 9 13 21 33 46 56 61 56 44 31 20 16 19 30 43 58 67 66 56 40 25 15 11 10 10 10 10 10 10 11 15 22 30 40 46 46 41 31 21 14 12 12 13 13 12 10 7 6 7 10 14 18 19 16 12 8 6 7 13 20 28 31 31 27 23 17 13 11 10 11 11 10 12 15 21 30 36 38 39 36 34 32 29 25 19 13 8 7 9 12 17 19 18 18 18 25 38 52 63 64 57 44 30 24 24 29 35 39 37 32 26 19 16 13 11 12 15 20 24 28 29 27 23 17 12 10 12 15 17 19 21 29 43 58 71 74 66 51 33 20 13 15 20 26 29 29 24 19 16 18 22 24 27 27 30 33 35 34 30 25 24 21 19 16 14 18 25 35 44 49 49 44 36 27 23 24 27 32 
20 24 24 22 17 14 18 28 44 64 78 84 75 57 37 21 15 17 30 45 63 74 75 64 47 31 18 11 9 8 9 11 11 10 10 12 19 26 36 41 41 36 28 21 16 15 17 19 18 17 12 9 8 11 17 23 28 29 26 18 11 7 8 14 21 28 31 31 27 23 17 11 9 8 10 13 16 20 23 29 34 37 37 34 31 27 23 20 16 11 8 7 8 13 19 24 26 26 23 22 25 34 43 51 51 46 38 30 28 31 39 45 49 48 42 35 26 22 16 13 13 14 16 18 19 18 16 12 10 9 12 17 20 22 21 19 23 34 46 58 60 53 39 25 15 9 10 15 19 23 23 22 21 21 25 29 30 29 28 29 31 33 32 27 21 18 15 15 14 15 21 28 40 48 51 48 41 33 26 26 30 34 37 
27 33 34 29 23 19 23 35 56 79 94 99 87 64 40 21 13 15 26 41 58 70 72 64 48 33 19 12 10 11 15 18 18 16 14 13 17 20 26 29 28 26 22 20 20 22 25 27 25 22 15 11 10 16 24 33 40 40 35 25 15 10 9 14 22 28 30 29 25 21 16 11 10 10 14 21 25 28 29 32 34 35 32 29 24 20 17 15 11 7 5 6 10 16 23 28 29 28 25 23 25 30 36 41 41 37 30 26 26 30 38 44 48 48 44 38 30 24 17 14 13 13 14 14 13 11 10 7 7 10 17 25 30 31 27 22 18 22 28 35 37 33 25 16 11 8 8 11 14 17 19 22 26 29 35 37 36 32 28 26 28 30 29 23 18 15 14 16 17 19 24 30 40 45 45 41 33 27 24 29 37 43 44 
31 37 38 33 26 22 27 39 61 83 97 98 82 61 36 18 12 13 22 33 48 57 58 53 40 30 18 13 12 17 24 28 30 27 23 19 17 16 16 17 17 18 19 21 25 29 32 34 30 26 17 13 13 19 28 38 45 45 38 27 18 12 11 16 23 28 29 26 22 18 14 11 13 16 22 30 35 36 33 30 28 26 23 18 14 12 11 10 8 5 5 6 12 18 26 30 29 28 24 21 21 24 28 32 32 28 23 20 21 25 32 38 42 42 40 34 27 21 14 12 13 14 15 14 12 8 6 4 6 10 19 30 36 37 32 25 17 15 16 19 19 18 15 13 12 11 11 11 12 15 19 25 32 38 42 43 39 33 26 24 25 27 26 21 18 17 20 23 25 25 26 30 35 37 36 31 24 21 23 30 39 45 43 
34 40 41 34 26 21 25 37 57 76 86 83 67 49 28 14 10 11 17 24 33 39 40 36 28 22 15 13 14 20 29 36 40 38 34 27 20 16 12 11 13 16 21 25 30 33 36 35 31 25 17 13 13 19 27 36 41 40 33 24 16 11 12 17 23 27 28 25 20 16 13 13 16 21 29 36 39 38 32 25 19 16 14 10 8 7 8 8 7 6 6 9 15 19 26 29 27 25 20 17 16 18 22 24 24 22 17 14 15 17 22 26 30 30 30 26 21 16 13 13 14 17 18 18 15 11 7 5 6 10 18 29 37 40 36 29 20 12 10 8 10 11 14 16 18 17 15 12 12 16 21 31 39 42 44 42 37 31 26 24 26 27 24 20 18 21 27 31 32 30 27 27 28 28 26 21 17 15 19 25 31 35 34 
32 37 37 30 21 16 18 27 41 55 59 56 43 31 17 10 8 9 11 14 18 20 21 19 17 15 12 13 15 21 30 39 46 46 43 34 23 17 10 9 11 16 22 27 33 35 36 34 29 22 15 11 12 18 24 31 34 31 25 17 12 9 11 15 21 25 25 23 18 15 14 16 20 25 32 37 39 37 30 22 15 11 9 8 7 7 8 9 9 8 9 11 17 20 26 27 25 23 18 14 13 14 17 19 19 18 16 13 12 13 16 18 21 22 21 20 16 14 14 15 17 20 22 22 19 15 11 8 7 9 16 25 32 38 36 31 24 16 11 9 13 16 22 26 27 23 18 14 13 17 25 35 41 41 39 34 30 26 24 25 27 27 24 20 20 26 34 39 39 33 26 23 20 21 19 15 13 13 16 19 22 24 23 
25 30 29 24 15 10 11 16 25 32 34 32 24 17 10 7 7 7 7 8 9 10 11 14 15 15 14 14 14 18 26 35 43 44 41 33 23 17 11 10 11 16 20 25 30 31 31 28 24 19 12 9 10 15 19 23 23 20 16 11 10 10 12 15 18 21 21 19 15 14 15 17 21 26 31 35 37 34 28 21 14 10 10 10 10 9 9 9 9 10 11 13 16 19 22 22 20 18 13 10 9 11 14 18 20 20 18 15 12 11 11 12 13 14 15 14 15 15 16 17 18 22 23 23 21 17 12 9 8 9 14 22 28 34 35 32 27 20 15 16 20 26 33 35 33 26 19 15 13 17 25 34 38 37 31 25 22 20 21 25 28 28 24 21 22 28 37 42 41 33 24 18 16 17 17 15 14 15 17 19 19 18 17 
18 20 19 15 10 6 7 8 12 15 14 13 10 9 9 8 9 8 7 6 5 6 9 14 21 23 24 21 16 15 20 26 33 35 32 25 17 12 9 9 11 14 16 20 22 23 24 22 20 16 11 9 8 10 14 15 15 14 11 11 12 15 17 18 19 18 16 14 12 12 13 15 19 23 28 31 33 31 27 23 19 16 16 16 15 12 10 9 9 10 11 12 13 15 15 15 13 11 9 7 7 10 14 19 23 24 24 21 17 13 11 9 8 9 10 10 13 15 16 16 17 19 20 20 20 17 14 10 9 9 11 17 22 28 29 28 25 21 19 22 28 36 43 43 39 30 22 17 16 20 26 31 32 28 22 16 14 15 20 25 29 29 26 22 22 28 36 41 39 30 21 14 12 14 16 17 20 22 24 24 21 18 17 
12 12 11 9 8 6 6 7 7 6 5 5 6 7 11 13 15 14 12 9 7 8 12 20 31 38 40 33 24 16 14 17 21 23 21 16 12 10 9 10 11 12 12 15 17 19 19 18 16 13 11 10 9 9 10 9 9 9 11 15 20 27 29 29 25 19 14 11 9 10 11 15 18 21 23 25 27 27 27 26 24 23 23 22 20 15 11 9 8 9 9 8 9 10 9 9 8 7 6 6 7 9 13 18 23 25 28 27 25 20 15 11 8 7 7 8 11 13 14 14 13 13 14 16 16 16 15 12 10 9 10 14 17 21 22 22 19 18 20 24 31 39 43 43 38 31 23 20 20 24 28 28 25 20 15 11 10 13 20 26 30 30 26 21 20 25 32 36 34 26 18 13 12 15 20 26 31 35 35 32 27 22 20 
10 8 8 8 9 8 8 8 9 8 7 7 8 10 14 18 21 21 19 16 12 12 16 26 39 49 53 45 31 19 13 13 14 15 14 12 11 13 14 14 13 12 13 16 20 23 21 19 17 15 16 17 17 15 11 8 6 8 13 23 33 42 46 43 35 23 14 9 8 12 16 20 22 23 21 21 21 25 27 31 34 36 35 31 25 17 11 10 10 11 10 9 7 5 3 3 4 5 6 7 8 9 12 17 23 28 34 38 38 32 24 17 10 6 6 7 11 13 13 12 10 10 10 13 14 15 14 12 11 10 10 12 14 17 17 16 15 15 17 21 27 32 36 36 32 26 22 22 25 29 31 29 22 17 13 10 10 14 20 27 30 29 24 18 18 21 28 31 28 22 17 15 16 21 28 38 44 47 46 40 33 26 23 
12 9 8 8 10 12 12 12 12 11 9 9 9 13 17 22 27 28 26 23 18 16 19 31 45 57 60 51 36 21 14 13 14 15 14 15 17 20 22 22 18 16 17 23 28 31 30 25 22 22 25 28 30 26 18 11 7 9 16 30 43 54 58 51 40 25 14 9 12 18 25 31 32 30 25 21 20 24 29 37 45 48 46 38 27 18 12 12 15 18 17 15 9 5 2 2 4 7 10 12 11 11 11 14 21 30 41 50 53 48 39 27 15 8 6 9 15 20 20 17 13 9 8 10 12 14 13 12 11 11 12 13 14 15 15 14 13 13 14 15 18 20 23 23 21 18 18 22 28 32 34 30 24 19 15 14 15 17 20 25 26 23 18 14 14 17 23 24 23 21 19 19 23 30 40 52 60 62 58 49 38 27 21 
15 12 9 9 11 13 15 15 15 14 12 11 11 14 18 23 28 30 30 26 21 19 20 30 43 54 57 48 34 20 14 12 13 15 16 20 27 31 33 31 25 22 22 29 36 40 39 35 33 37 44 51 54 46 32 18 9 10 17 34 50 61 63 53 39 23 14 11 17 28 40 48 49 45 35 27 23 25 33 44 54 57 53 42 29 17 12 14 20 26 27 23 15 9 5 5 7 12 16 18 16 13 11 12 19 30 45 58 63 61 49 36 20 11 8 13 21 29 31 26 20 12 8 8 11 13 13 13 12 12 13 14 16 17 17 18 17 15 13 10 10 11 12 14 13 14 16 19 26 30 32 32 31 29 26 25 23 21 20 20 19 17 14 13 13 15 18 18 19 22 24 27 31 38 48 62 71 74 69 58 43 28 19 
16 13 10 9 9 12 15 16 16 15 13 11 11 13 17 21 25 26 26 23 20 18 18 25 35 43 44 37 27 18 13 12 12 14 17 24 33 39 40 35 29 24 24 29 36 40 40 39 42 50 64 76 79 68 47 27 12 10 17 33 49 58 57 46 32 17 12 12 22 37 54 66 68 63 49 37 28 27 35 45 55 58 54 41 28 17 14 18 28 36 36 31 20 12 8 9 14 20 25 25 22 17 13 12 18 29 46 61 69 68 57 41 24 13 10 16 28 37 40 34 25 13 7 6 9 10 12 12 12 12 12 14 17 20 22 24 22 18 13 8 7 8 11 14 15 17 17 17 19 22 26 33 38 42 41 37 30 23 19 17 15 14 13 15 16 16 16 15 17 23 28 32 36 40 48 61 70 76 72 61 46 29 18 
17 14 10 9 8 10 12 14 15 14 13 11 10 11 14 15 18 20 19 18 16 15 16 20 25 30 30 26 21 17 14 13 12 13 16 24 32 38 39 34 27 21 20 23 27 31 33 35 43 56 75 89 93 80 58 34 15 11 15 29 42 48 45 35 22 12 9 12 25 41 59 74 77 71 56 42 30 27 32 40 47 49 46 35 25 17 18 24 34 41 39 33 22 14 11 14 20 28 31 30 24 18 14 12 18 29 44 58 65 65 55 40 23 12 11 17 28 37 41 35 26 14 8 7 10 13 15 14 13 12 11 14 17 24 28 31 29 22 15 8 7 10 16 23 29 32 28 23 18 18 24 36 49 57 58 51 40 28 19 14 13 15 19 25 25 23 18 14 16 21 27 32 34 35 42 52 59 66 64 55 41 26 16 
21 18 13 10 8 7 8 10 12 12 11 9 8 9 9 10 14 18 21 23 23 22 19 17 16 17 17 18 19 20 19 16 14 14 16 22 28 33 34 30 24 18 16 16 18 22 24 30 40 54 74 88 93 82 60 37 17 11 13 23 32 35 31 22 12 7 7 12 26 41 59 72 73 67 52 38 27 22 24 28 34 36 35 28 22 19 23 31 39 43 39 31 20 14 13 17 24 30 33 30 24 17 13 14 21 31 43 53 57 55 46 33 19 9 8 13 23 30 34 30 22 14 11 12 17 22 23 20 16 13 11 13 17 25 32 37 35 27 18 10 9 13 24 36 45 48 42 32 22 19 24 39 55 67 69 61 48 31 19 13 15 22 30 38 38 33 23 15 14 17 22 26 28 29 33 39 43 47 46 40 32 21 16 
27 24 19 13 9 7 7 8 9 9 8 7 7 7 8 11 17 26 35 42 44 40 31 21 14 11 12 18 22 26 26 23 19 16 17 20 23 26 27 25 20 15 14 14 16 21 24 30 36 46 60 71 75 68 52 33 16 9 10 16 21 21 17 11 6 4 6 11 22 34 48 57 57 51 38 27 18 15 16 18 22 23 22 20 21 24 31 37 42 40 35 25 16 13 13 18 24 28 29 26 21 15 14 15 22 32 41 47 47 43 34 24 14 7 7 11 18 23 25 21 17 13 14 19 27 33 35 31 24 18 13 12 16 25 34 41 41 33 22 13 11 15 28 43 53 56 48 38 26 22 25 40 56 69 71 63 48 31 19 14 18 29 39 48 47 39 27 16 12 13 17 21 26 28 30 32 32 32 30 27 24 19 17 
32 29 24 17 12 9 8 7 7 8 8 8 8 8 10 19 29 49 69 82 85 74 57 34 18 12 14 23 31 36 35 30 24 20 18 18 20 23 23 21 18 13 13 16 21 28 32 36 37 41 47 52 54 48 38 26 13 8 7 10 12 13 11 8 5 5 7 10 16 24 33 39 39 34 24 17 12 12 14 18 20 19 17 17 20 26 34 38 39 34 27 19 12 11 12 16 20 22 22 20 17 13 14 16 22 28 34 37 36 30 23 16 9 6 5 8 11 14 15 13 11 11 15 23 33 39 41 38 31 23 15 12 14 23 34 43 45 38 27 16 12 15 26 39 48 50 44 35 25 21 23 34 47 57 59 52 40 26 18 16 22 34 47 55 53 44 29 18 12 12 18 25 34 39 40 36 30 24 20 19 20 21 23 
32 30 27 21 16 13 10 8 9 11 12 14 14 12 17 32 52 87 119 137 137 115 84 46 22 14 17 29 39 44 44 40 33 27 21 18 17 18 18 17 16 13 14 20 29 38 44 45 41 37 34 33 32 28 24 19 13 9 7 7 8 9 9 10 10 11 10 11 14 17 21 24 24 22 17 14 13 17 23 28 29 26 19 15 17 23 30 32 31 25 19 14 10 10 11 15 16 17 17 15 13 12 13 16 20 22 24 26 25 22 17 12 8 6 5 5 7 9 9 8 7 9 14 21 30 36 38 37 31 24 16 13 13 21 31 41 44 39 28 17 12 13 20 27 33 34 31 25 20 17 19 25 32 38 38 33 27 18 14 15 23 35 48 54 51 42 28 19 14 17 27 41 57 65 65 54 40 26 17 18 21 26 30 
28 29 27 22 19 14 12 10 13 17 20 21 20 17 23 43 72 119 157 177 171 138 96 49 22 14 18 30 40 46 47 45 39 31 25 18 15 15 15 16 16 17 19 24 34 42 48 47 40 32 24 20 17 16 16 15 15 13 11 11 12 16 21 25 25 24 21 19 19 20 21 21 20 18 16 17 22 32 42 47 44 37 25 15 13 16 20 21 19 16 12 10 8 10 11 13 13 13 12 10 9 9 12 15 16 16 16 16 16 16 15 13 11 8 6 4 4 5 6 6 6 8 11 17 23 28 30 30 27 21 15 12 11 17 26 34 38 35 25 16 11 10 15 19 21 21 19 16 15 16 18 21 22 23 22 19 15 11 10 12 21 31 43 48 44 35 24 16 15 24 39 60 81 91 92 75 55 34 21 21 24 30 34 
20 21 22 21 18 14 13 13 17 22 26 26 23 20 26 48 82 135 176 195 183 142 93 44 18 11 14 26 35 42 44 43 40 34 27 20 15 14 16 19 21 23 24 27 33 39 41 40 34 26 19 14 12 12 13 16 18 19 18 20 22 30 38 44 44 41 36 32 30 32 32 32 29 23 22 25 34 48 59 63 57 44 29 16 12 11 13 13 12 12 10 9 9 10 11 12 13 13 12 10 8 8 9 12 13 14 14 14 15 16 17 17 17 13 10 7 7 8 10 11 10 9 9 12 16 19 21 21 20 17 13 10 9 12 18 24 27 25 20 14 11 10 11 13 13 13 11 12 14 18 20 20 17 15 12 11 10 8 8 10 17 25 33 37 33 26 18 14 16 29 48 73 98 112 113 93 68 42 24 21 24 31 35 
12 13 15 16 15 14 13 16 20 24 27 25 21 18 24 44 75 122 157 169 154 115 72 32 12 7 10 18 25 31 33 35 34 30 24 19 17 17 20 24 27 28 28 28 30 31 32 30 25 19 12 9 8 9 13 17 22 24 25 27 30 40 53 62 66 62 56 49 46 48 53 52 47 36 30 31 44 60 71 74 64 47 29 16 11 9 11 13 13 13 11 11 11 13 14 14 15 15 14 13 10 9 8 9 13 16 18 20 20 20 20 21 21 18 15 13 14 17 19 19 16 12 9 9 12 14 15 15 15 13 11 9 8 9 12 15 17 16 16 14 13 11 11 11 10 10 11 12 16 20 23 23 21 19 18 18 15 13 11 10 13 17 21 23 21 17 13 12 16 31 50 76 101 114 115 96 71 42 22 18 20 27 30 
7 9 10 10 11 12 13 16 19 22 22 20 18 16 20 35 57 91 115 120 105 76 46 20 7 5 8 12 16 20 23 26 26 24 21 18 18 20 24 27 29 29 27 25 24 22 22 20 16 13 8 6 6 9 13 16 21 23 24 26 32 42 56 67 74 72 65 59 56 59 66 65 58 44 34 33 44 61 71 72 63 46 29 17 14 12 16 18 19 19 16 14 13 15 17 20 22 22 20 17 13 9 7 9 15 21 27 30 29 25 21 20 21 20 19 20 23 26 28 26 21 13 8 6 7 9 10 11 11 10 8 7 7 8 9 12 12 13 14 15 16 14 11 9 9 8 10 13 17 21 24 27 29 31 32 31 27 20 15 11 10 11 13 13 13 12 11 11 16 29 46 68 89 100 100 83 61 35 18 14 16 21 24 
5 7 7 7 8 10 13 16 19 19 18 16 14 13 15 24 36 54 65 67 57 40 24 12 7 8 10 12 12 13 14 17 19 20 20 19 20 21 22 24 24 24 21 19 17 16 15 14 12 10 7 6 6 8 10 13 15 17 17 21 26 34 47 57 64 65 60 55 53 56 61 60 53 40 29 28 35 48 58 60 53 41 28 19 17 18 23 27 29 27 23 18 15 16 21 26 30 31 28 22 16 10 9 12 20 28 36 39 36 28 20 17 16 18 20 24 29 32 33 28 22 13 7 4 4 6 7 9 9 8 7 7 8 10 11 11 10 11 13 16 17 16 11 8 7 7 10 12 16 19 23 31 40 48 53 50 41 28 18 11 7 7 7 7 9 10 11 12 16 26 38 55 71 79 78 65 48 30 17 14 15 17 17 
8 9 8 7 7 9 13 16 18 17 17 13 11 10 12 15 19 24 26 26 22 16 12 10 13 16 18 17 15 12 11 13 19 25 29 29 26 22 19 19 19 20 19 16 13 11 10 9 8 7 6 6 7 9 10 11 11 11 11 13 16 22 32 39 44 45 42 39 39 41 46 46 41 31 22 20 24 33 39 42 38 31 24 19 20 24 30 36 39 35 29 20 16 17 22 30 35 37 33 27 18 12 12 16 24 32 40 42 37 26 17 12 11 15 17 23 28 31 30 25 18 11 7 5 6 8 9 9 8 7 7 9 12 14 15 13 11 11 13 16 17 16 12 8 7 8 10 11 12 15 20 33 47 62 68 64 52 33 20 11 6 6 6 8 10 12 14 15 16 22 28 38 47 53 52 44 36 28 22 21 18 16 13 
12 12 11 10 9 10 11 14 16 17 16 13 11 10 11 12 13 14 14 14 11 11 11 14 19 24 27 25 21 15 13 16 25 35 43 43 35 25 18 15 17 20 22 20 16 11 9 7 7 7 7 9 10 11 11 11 9 7 7 7 8 11 16 20 23 24 23 21 23 26 31 32 29 22 16 13 14 18 20 22 21 19 18 19 22 28 35 41 42 37 30 21 17 19 24 32 36 38 34 28 21 17 19 24 31 36 39 37 31 20 12 8 7 11 15 21 26 29 28 22 16 9 7 7 9 11 11 9 7 6 7 10 15 18 18 16 12 12 13 16 18 16 14 11 10 10 11 10 10 13 19 33 49 66 73 69 55 35 22 11 7 8 9 12 15 16 17 17 18 19 21 26 32 37 36 33 30 30 30 29 24 17 13 
15 14 14 13 12 11 10 12 13 14 14 12 11 10 11 13 14 12 11 8 6 8 11 18 24 30 33 31 25 19 16 19 31 45 54 55 45 31 20 16 19 26 31 29 22 16 10 7 8 8 10 11 12 12 13 12 10 7 6 6 6 7 8 11 13 15 15 15 18 22 26 27 25 20 15 12 11 11 11 11 12 13 14 18 22 29 34 38 36 31 25 20 18 20 25 29 32 33 30 27 26 26 31 36 39 39 34 27 20 13 8 7 7 10 14 18 22 24 23 19 13 8 8 11 15 17 17 13 9 7 8 12 17 22 21 18 14 11 12 13 15 15 14 13 14 15 14 12 10 11 16 29 44 60 67 63 51 33 21 11 8 9 13 17 21 22 23 22 19 17 15 17 20 24 26 27 28 30 32 31 26 17 13 
18 17 17 16 15 12 10 9 9 10 10 10 9 10 13 16 18 17 14 9 7 8 12 20 26 32 34 32 26 20 17 22 36 49 59 60 50 34 23 21 27 36 40 37 28 18 10 7 8 10 12 14 14 14 14 13 11 8 7 7 6 5 5 5 6 9 12 15 21 25 29 29 26 21 16 13 10 9 9 9 10 12 14 17 20 25 29 30 29 24 20 18 20 23 24 25 25 25 26 27 33 39 45 48 46 39 29 20 13 10 9 9 11 13 14 17 19 20 19 16 11 9 10 15 20 22 23 18 13 9 9 13 19 23 23 20 14 10 9 9 11 12 14 15 18 20 19 15 11 10 12 21 33 44 50 47 38 24 15 9 8 11 16 21 25 26 25 23 18 14 12 13 16 19 23 25 26 27 27 26 21 16 15 
22 22 20 19 17 12 8 5 5 6 6 6 7 10 15 19 22 21 16 11 7 8 12 18 24 29 30 28 23 18 17 23 36 48 57 57 48 35 26 28 35 43 45 40 29 18 10 7 8 10 13 14 13 13 14 14 12 11 10 10 9 8 7 7 6 10 14 21 31 37 40 38 33 26 19 15 12 11 11 13 14 16 17 18 18 21 23 22 21 18 16 18 20 23 22 20 17 18 25 35 49 59 64 61 49 36 22 13 9 11 15 19 22 20 18 15 14 13 12 11 9 9 12 19 26 30 28 22 16 11 10 15 20 25 25 21 15 9 6 6 7 9 13 17 21 22 21 17 11 7 8 13 21 29 32 30 23 15 9 7 9 12 17 22 25 25 24 21 16 12 12 13 18 22 25 26 25 22 19 17 14 14 18 
24 24 22 20 16 11 8 6 6 7 6 6 7 10 16 22 27 26 20 14 8 7 10 15 20 25 27 25 20 16 17 23 37 49 58 57 48 37 30 31 37 44 45 40 28 18 10 8 10 10 11 9 9 10 11 13 14 14 15 14 14 13 11 10 11 14 19 28 40 47 51 48 41 31 22 16 13 13 14 17 21 22 21 20 19 20 21 21 20 18 16 18 20 21 20 15 13 16 26 42 60 71 73 64 47 32 16 9 10 18 28 36 38 32 24 15 11 9 8 8 8 11 15 23 31 35 33 25 17 12 11 15 20 24 24 21 15 9 7 5 6 9 14 20 24 25 21 18 12 7 6 9 13 18 20 18 13 8 6 6 9 12 16 20 22 22 20 17 13 11 12 14 20 26 30 29 27 21 15 13 12 15 21 
21 22 20 17 13 10 8 9 9 10 9 9 9 10 18 25 31 31 25 18 10 6 7 10 15 19 21 20 16 14 15 21 35 46 55 53 46 37 31 33 40 45 45 40 29 20 14 13 15 14 12 9 9 11 14 16 18 19 20 21 22 22 20 18 17 18 23 33 46 56 62 58 50 36 24 17 13 12 15 20 25 26 25 23 22 23 26 27 25 21 18 17 18 17 16 14 13 16 27 41 57 67 67 57 41 27 14 10 14 27 41 51 52 44 31 19 11 8 7 8 9 13 18 26 34 36 34 26 17 12 11 14 18 21 21 18 13 10 8 6 7 10 15 20 23 24 19 17 12 9 8 11 13 17 18 16 11 7 6 7 10 12 15 17 18 17 15 14 11 12 15 20 28 35 39 36 32 23 15 12 12 18 25 
17 17 16 14 12 9 9 11 12 14 14 12 10 12 19 26 32 33 28 20 11 7 5 7 11 14 16 15 13 11 13 18 30 40 47 46 40 33 29 32 39 44 44 38 29 21 18 19 21 20 17 16 18 21 26 25 24 23 24 26 30 32 30 27 22 20 23 32 46 58 66 62 52 36 23 16 11 12 16 22 27 28 26 24 23 26 30 31 29 23 19 17 17 16 16 16 17 19 24 31 41 47 48 41 29 20 13 14 22 43 64 78 77 64 45 25 14 9 7 9 11 16 21 28 35 35 32 24 17 12 10 12 14 15 15 12 9 8 7 6 7 8 12 16 18 18 15 13 10 10 11 15 17 21 21 18 12 8 7 9 12 15 16 16 16 14 12 11 11 14 20 29 38 44 47 44 37 28 19 14 15 21 28 
15 15 14 11 9 8 9 12 15 17 17 15 13 13 18 24 29 30 27 19 11 6 4 5 8 10 11 11 9 9 11 15 23 30 34 33 28 23 23 26 33 38 38 33 24 18 18 20 23 23 23 25 32 39 42 39 31 25 23 27 33 38 36 32 24 19 20 28 41 53 61 57 46 31 18 11 10 14 18 24 26 26 23 20 20 24 29 30 28 23 19 17 17 18 19 20 20 20 19 20 24 27 31 29 24 20 17 21 33 60 86 103 103 85 60 34 18 11 8 10 13 17 22 27 31 30 26 20 15 12 9 9 10 9 7 6 5 4 4 5 5 5 8 10 11 11 11 10 10 11 15 21 26 30 28 22 14 9 9 11 16 20 25 26 24 19 14 12 12 18 26 37 48 53 56 51 43 32 22 16 18 23 29 
22 21 17 13 9 8 9 12 16 18 19 17 14 13 15 18 21 22 20 15 9 6 5 7 10 12 13 12 12 11 11 13 15 18 19 18 15 13 15 17 23 28 28 25 19 15 15 18 20 21 27 35 48 59 60 53 38 25 19 22 29 36 36 31 23 18 17 23 34 42 47 43 34 22 12 9 11 16 20 23 24 21 17 14 15 19 23 24 23 19 18 17 17 19 20 22 21 18 16 16 20 25 29 32 32 29 25 28 42 71 99 118 118 97 70 40 21 13 9 11 13 16 19 24 26 24 21 15 12 11 9 8 8 6 4 3 3 2 2 2 3 3 5 6 7 9 10 10 11 14 20 29 36 39 34 26 17 10 10 14 23 31 40 43 40 31 22 16 15 21 29 41 50 54 56 51 42 31 23 19 20 23 26 
34 31 25 17 12 9 9 11 15 18 20 18 14 11 11 13 15 16 14 10 7 6 8 11 17 20 23 22 21 17 14 12 11 11 10 10 9 8 10 12 16 18 19 20 18 17 16 15 15 18 27 38 55 67 67 57 39 23 14 15 21 27 28 24 18 13 13 18 24 29 30 26 20 13 9 9 13 17 20 21 20 16 12 10 12 16 20 21 20 17 16 16 16 17 19 19 17 14 13 14 21 30 40 49 53 50 43 41 48 72 98 116 117 97 72 42 23 13 9 10 12 15 17 19 20 18 15 11 10 11 11 10 10 7 5 3 2 2 2 1 2 3 4 6 9 11 14 14 14 17 25 36 44 45 39 28 18 12 12 17 31 43 55 59 56 43 29 20 17 22 29 38 43 47 47 43 35 27 21 20 20 21 22 
52 49 39 27 17 10 9 10 14 17 19 17 13 10 8 9 11 13 12 9 7 7 10 19 29 38 44 44 39 29 19 12 8 8 7 8 9 9 10 11 12 14 17 21 23 24 22 18 15 16 25 36 50 60 60 52 34 21 12 11 15 17 18 15 11 9 9 12 17 19 19 15 13 10 10 11 14 17 18 18 17 14 11 11 14 19 24 25 23 18 15 13 13 14 15 14 12 11 11 15 25 39 56 71 77 75 64 53 49 60 79 93 94 81 61 37 23 15 11 12 12 14 16 18 19 17 14 12 12 14 17 18 17 13 9 5 2 2 3 3 4 5 6 8 11 15 18 19 19 22 30 42 49 50 42 31 20 13 13 19 33 47 60 65 60 47 31 22 18 21 27 32 35 35 33 29 25 20 18 20 21 21 20 
65 62 49 35 22 12 9 9 13 16 17 16 13 12 11 13 17 21 21 16 11 11 14 27 43 59 71 70 61 44 27 15 9 9 9 12 14 15 15 14 12 14 18 26 35 40 39 32 24 19 23 31 41 47 47 40 27 19 13 13 15 15 14 10 7 6 6 7 10 11 11 11 11 12 14 14 16 16 15 15 14 13 13 15 19 27 33 36 33 26 19 13 11 11 11 11 9 8 9 14 27 44 64 85 95 94 78 59 46 46 56 65 67 58 46 30 21 17 16 16 14 14 16 19 21 21 18 16 17 20 25 27 27 21 15 8 3 3 4 6 7 8 8 9 11 16 20 21 22 24 32 43 50 51 43 32 20 13 13 17 28 39 51 55 50 40 28 22 20 23 26 28 28 24 20 16 14 13 15 20 24 26 24 
65 62 49 35 22 13 10 10 13 16 17 16 15 14 18 24 31 36 34 28 19 15 18 32 52 72 86 85 74 52 33 19 12 12 14 19 22 23 22 20 15 16 22 35 51 61 61 50 37 25 22 25 30 33 32 27 22 19 20 22 24 22 17 10 6 5 5 6 8 9 10 13 17 21 23 23 20 17 14 12 13 13 14 18 24 34 42 47 42 33 23 13 10 9 9 9 9 7 8 11 24 42 65 90 102 102 84 60 42 33 36 40 41 36 29 22 19 19 22 22 20 19 21 24 27 26 24 23 25 29 34 37 36 27 19 10 4 4 5 8 9 10 9 9 11 15 19 20 20 22 30 41 48 50 42 31 19 11 11 13 20 28 35 38 34 29 24 22 25 28 30 29 26 21 15 11 9 11 16 23 31 36 36 
61 58 46 33 22 14 12 13 15 17 17 16 16 19 27 37 46 51 48 39 27 21 19 31 49 69 83 83 71 50 32 19 14 16 21 29 34 37 34 27 21 21 28 45 67 80 80 66 47 28 19 20 21 24 22 21 20 22 29 34 36 32 22 14 7 6 5 8 11 12 15 19 25 31 33 32 27 20 16 13 13 13 14 18 24 35 44 49 45 34 23 13 10 9 11 13 13 11 10 10 19 35 56 79 91 92 75 53 35 25 25 27 26 23 18 17 18 22 29 32 31 31 30 33 34 33 31 29 31 35 41 44 41 32 21 11 6 6 8 10 11 10 8 8 10 14 17 19 19 20 24 32 38 40 35 27 17 11 9 10 14 19 22 23 21 20 22 26 31 36 36 33 27 19 12 9 9 13 24 36 53 63 64 
52 51 42 32 22 15 15 15 17 17 16 16 17 23 33 45 55 59 55 46 33 24 19 24 36 51 61 61 52 37 25 17 16 19 27 37 44 48 43 35 27 27 34 56 80 95 95 77 52 29 16 15 16 18 18 18 21 27 38 45 47 41 28 18 10 7 8 12 14 16 20 26 35 44 47 45 37 28 21 15 13 12 13 17 23 34 42 46 42 31 20 12 11 13 17 20 20 18 15 13 17 28 43 61 71 72 58 41 27 20 22 24 24 21 17 15 19 26 34 40 42 42 42 42 41 38 34 31 32 36 42 44 41 31 20 12 9 10 11 12 11 9 7 7 10 15 18 20 20 19 19 23 26 28 26 22 16 11 9 11 14 17 16 15 14 16 23 31 38 43 43 37 29 21 14 12 13 20 37 58 87 105 111 
43 43 37 29 22 18 17 16 16 16 14 14 17 23 34 43 52 56 54 47 34 24 17 18 23 31 38 36 32 23 17 14 16 20 28 38 45 49 45 38 29 29 37 59 83 97 94 74 48 25 14 14 16 19 19 19 25 32 43 50 52 44 31 21 13 12 14 17 19 19 23 30 39 51 55 53 44 32 23 15 13 12 13 17 23 32 38 39 35 25 16 12 15 22 32 39 41 37 29 22 17 21 29 40 46 47 38 27 20 17 19 20 20 18 15 15 19 26 36 43 48 48 47 45 41 38 32 28 29 34 40 41 38 29 20 14 13 15 15 13 11 7 6 8 13 20 23 25 23 20 18 18 19 20 20 17 14 12 12 15 17 19 16 13 12 16 26 34 43 46 46 40 30 24 18 16 17 27 48 76 114 141 150 
33 34 31 26 21 18 17 17 17 18 17 17 19 22 28 35 41 46 46 42 33 24 17 15 17 19 21 21 19 16 14 13 15 18 24 32 40 44 42 36 29 29 36 55 76 87 82 63 40 20 12 14 17 21 21 21 27 34 44 50 49 41 30 21 16 17 20 23 23 22 23 29 37 47 52 51 42 29 20 14 13 14 16 20 24 29 32 33 29 21 14 13 20 32 48 60 64 58 45 32 21 18 21 26 29 29 26 21 20 19 19 19 17 15 13 14 17 23 31 38 42 43 41 39 35 32 26 23 24 28 32 33 30 23 18 16 17 18 17 12 9 6 7 13 20 28 32 34 31 26 22 20 20 21 21 19 17 16 18 22 24 23 19 15 13 17 27 38 47 49 48 41 34 29 25 23 23 32 55 85 126 156 168 
25 27 25 21 17 16 17 18 21 24 26 26 24 21 21 24 27 32 33 31 28 24 20 19 18 17 16 18 19 22 23 24 22 20 21 25 30 34 33 29 24 25 31 45 59 66 60 44 28 14 11 14 19 22 22 22 27 35 45 49 46 37 26 19 18 22 28 31 30 26 24 25 30 37 41 40 33 25 20 19 21 24 25 24 24 25 25 25 21 15 11 13 23 37 57 73 79 73 57 40 25 18 18 21 23 24 25 25 27 25 22 19 15 12 11 12 14 17 23 29 32 32 31 29 26 24 21 20 20 22 25 25 21 18 17 18 19 19 16 11 7 7 11 17 26 36 41 44 41 36 30 26 27 28 28 25 22 21 24 30 32 30 24 18 14 18 27 37 45 46 44 38 34 33 32 31 30 35 52 78 114 141 153 
19 20 18 16 14 14 16 20 27 32 36 36 30 23 18 17 18 21 23 23 22 23 24 24 24 23 23 26 31 38 42 42 35 27 21 20 22 24 24 22 19 20 25 34 42 44 39 28 19 12 13 18 23 24 22 22 27 34 42 44 40 30 20 15 17 25 32 37 35 30 24 20 21 24 26 25 22 22 25 33 40 44 41 33 25 20 19 20 19 17 14 17 25 38 57 72 79 74 60 43 27 20 18 20 22 26 31 35 37 34 27 19 12 9 8 8 10 12 15 18 21 23 22 21 22 23 24 23 21 21 20 20 19 18 19 20 20 20 15 11 8 8 14 20 29 40 49 54 53 47 38 31 30 31 31 29 26 26 29 35 38 35 28 18 13 16 24 33 39 39 36 32 30 33 35 37 34 35 44 61 87 108 116 
14 14 12 11 10 12 15 22 33 42 47 44 35 22 14 12 12 14 16 16 17 19 23 26 27 28 32 39 52 65 72 69 56 40 25 17 15 16 18 17 16 16 19 25 28 28 23 18 15 14 18 24 28 28 25 24 27 32 37 37 32 23 16 12 16 25 33 38 37 31 23 18 16 16 16 16 17 23 33 49 61 65 58 42 27 18 18 23 29 30 27 26 28 36 49 59 65 61 51 38 26 21 19 21 25 31 39 44 45 40 30 19 9 6 6 7 8 8 10 11 14 16 16 18 22 25 28 29 26 23 21 21 21 21 21 20 18 17 14 13 11 12 16 20 29 42 53 62 61 54 42 32 27 25 25 24 24 27 31 37 39 36 26 17 12 12 17 22 25 26 24 23 24 28 32 34 30 29 32 41 57 71 76 
13 12 12 12 11 13 15 25 38 50 55 48 35 21 11 9 10 12 13 13 15 17 20 24 26 30 38 50 69 87 96 91 72 49 28 15 11 12 15 16 16 17 18 20 19 17 14 14 18 24 31 37 38 34 30 25 23 24 26 25 21 16 11 8 12 20 28 32 32 28 21 15 12 11 11 13 17 28 43 65 80 85 72 50 31 21 24 36 48 53 50 43 38 37 39 44 47 44 36 29 21 18 18 22 26 32 41 46 46 38 28 17 8 5 6 7 8 9 8 9 11 13 14 18 23 26 30 31 29 26 23 23 23 23 21 18 15 15 15 16 16 16 16 18 26 39 52 62 61 53 40 27 20 16 16 16 19 23 28 33 33 29 20 13 9 8 10 11 13 14 15 17 20 24 26 25 22 19 20 23 31 37 40 
16 17 18 18 17 17 19 29 43 55 60 50 35 20 10 8 9 11 14 15 16 18 21 22 24 27 37 52 73 92 100 94 72 48 26 14 12 14 18 20 21 21 21 20 17 15 14 17 26 36 46 50 49 41 34 25 19 17 16 16 14 11 9 7 9 15 20 23 24 22 18 15 14 13 13 14 19 31 48 71 86 89 74 50 32 25 35 53 75 86 88 79 64 51 38 31 29 25 21 19 16 15 17 21 25 30 37 39 38 31 23 15 9 9 12 16 17 16 12 10 9 11 14 19 22 25 28 27 25 22 20 19 19 19 18 16 16 19 22 24 24 21 18 18 23 34 45 55 54 46 33 20 14 10 11 13 17 21 25 26 24 21 14 9 8 7 8 9 9 10 13 17 21 23 21 18 15 13 13 14 18 20 22 
21 28 32 32 28 23 22 29 41 52 55 46 32 18 10 9 11 15 19 23 24 25 24 23 21 22 30 43 62 79 86 80 60 40 22 14 15 21 27 29 30 28 24 20 16 14 14 21 32 47 58 60 55 44 35 24 18 15 13 13 12 11 10 8 9 12 14 17 18 19 19 19 19 19 18 17 20 29 45 65 76 77 63 44 29 27 41 64 93 111 119 112 94 72 46 29 19 15 14 14 14 15 17 19 22 25 27 28 26 22 18 14 15 19 25 30 31 27 19 14 10 12 16 21 24 26 26 24 22 20 18 17 15 14 13 15 20 28 35 38 37 31 22 18 18 25 33 40 40 34 24 17 13 11 12 13 15 18 19 19 17 14 11 9 9 11 13 12 12 12 16 21 24 23 19 15 13 12 11 10 10 9 11 
27 38 46 45 38 28 23 24 32 39 40 35 25 15 10 12 17 24 30 35 36 34 30 24 19 17 21 29 42 54 59 55 41 28 19 17 23 33 42 45 43 36 27 19 13 11 13 23 36 53 65 66 59 46 35 24 18 16 14 15 15 14 13 10 9 9 11 14 19 22 27 29 29 25 20 17 18 26 38 53 59 59 49 36 27 28 41 63 93 116 132 133 117 91 57 33 18 11 12 13 15 17 19 20 19 19 19 18 16 15 15 15 21 28 37 43 43 36 26 17 11 12 17 24 28 29 28 26 24 23 21 20 16 14 12 16 25 35 46 51 50 41 27 18 13 16 20 25 26 23 21 19 19 18 18 18 18 17 16 14 13 12 12 13 14 18 21 22 21 20 22 25 26 24 21 18 17 17 16 13 9 7 8 
30 44 53 52 43 30 21 18 21 25 25 22 17 13 13 16 23 31 39 45 45 41 34 24 16 13 14 19 27 34 39 37 29 21 18 23 32 45 55 58 53 41 28 16 10 9 12 22 34 50 61 63 56 43 32 24 21 21 22 23 22 18 16 13 10 10 13 21 29 36 42 42 39 30 22 19 23 31 41 48 50 47 40 34 31 32 38 52 74 98 121 131 121 99 64 38 20 11 12 15 19 21 21 19 16 14 12 11 11 13 14 18 27 36 46 51 48 40 27 17 12 14 21 29 35 36 34 31 28 29 28 28 23 17 15 18 28 39 53 60 59 48 32 19 9 8 11 14 17 19 22 25 27 28 28 27 24 21 16 12 11 12 14 18 20 25 29 31 30 27 25 25 25 24 23 23 24 24 22 17 12 9 9 
33 46 53 50 39 25 16 11 11 12 12 11 10 10 12 17 26 36 42 47 46 42 33 22 15 9 9 12 18 24 28 29 25 21 20 27 38 53 63 65 57 41 27 14 9 8 11 18 26 40 50 53 47 37 28 23 25 28 31 33 30 24 19 15 12 15 20 32 45 55 58 53 43 31 25 26 35 46 55 58 54 48 42 40 38 38 37 40 52 71 93 107 105 90 62 39 22 14 15 18 23 24 23 19 15 12 10 11 12 16 17 22 29 38 46 49 45 36 23 16 12 15 22 33 40 41 38 33 30 31 33 34 31 26 22 22 30 39 51 57 56 45 30 17 7 4 5 8 14 20 27 33 37 40 40 39 35 27 20 13 12 15 20 25 27 31 34 36 36 33 29 27 26 26 27 29 31 30 26 20 12 9 9 
33 43 46 41 30 17 11 8 8 9 9 9 8 8 11 16 24 33 37 40 38 35 28 19 13 7 6 9 13 19 24 27 25 22 22 28 38 51 60 60 51 36 25 16 12 12 13 14 17 24 31 34 31 26 22 23 30 36 41 41 35 26 19 14 13 18 26 42 58 69 70 59 45 31 30 40 61 79 88 83 71 57 46 43 42 40 36 32 35 46 62 75 77 69 52 37 26 21 21 24 27 28 26 21 16 12 10 13 16 19 21 24 28 34 40 42 38 30 20 15 11 14 21 31 38 39 37 31 27 28 30 34 36 34 30 27 30 35 43 46 45 36 25 16 8 4 5 9 16 22 31 38 42 45 46 47 42 32 23 17 16 20 25 30 31 32 32 34 34 32 30 28 27 27 29 31 33 31 26 18 10 7 7 
30 38 40 34 25 14 10 9 11 13 13 12 10 9 10 14 20 26 30 31 29 25 21 15 11 7 7 8 12 17 22 25 24 21 21 24 32 41 47 46 38 29 24 21 21 20 17 13 12 12 16 18 17 16 17 23 31 39 45 43 36 26 18 13 13 19 28 45 61 70 68 55 40 31 36 55 87 112 123 113 90 66 46 40 38 36 32 26 24 28 35 43 46 44 39 33 29 27 27 28 30 31 29 24 18 13 12 14 17 19 21 20 21 24 29 30 28 23 17 13 9 11 16 25 34 39 39 34 28 25 27 34 41 43 40 36 31 31 32 33 33 30 26 21 15 11 9 11 16 21 29 34 39 44 46 46 41 32 23 18 19 23 28 31 31 29 28 26 26 27 28 28 27 26 27 28 29 28 23 15 8 5 5 
25 31 33 29 22 14 12 13 17 21 21 18 13 9 8 10 13 18 20 20 19 17 15 14 12 11 9 9 10 12 15 18 19 18 18 20 24 29 32 31 28 26 28 31 33 31 26 17 12 8 8 9 10 14 16 22 30 37 42 40 33 25 17 13 13 18 26 41 53 59 56 46 34 30 39 61 98 127 140 128 98 68 42 32 30 29 28 25 23 24 27 30 30 30 29 28 28 28 28 29 31 32 31 26 20 15 12 13 14 15 15 14 13 15 18 19 18 16 13 10 8 10 13 20 30 37 40 37 30 24 26 34 45 52 52 45 35 28 24 26 31 36 39 37 30 22 16 13 15 18 22 27 31 35 37 37 33 27 22 20 22 26 29 29 27 24 21 18 18 20 24 24 24 22 21 22 22 21 17 11 6 4 4 
21 25 27 27 22 16 16 19 24 28 28 23 17 9 6 6 8 12 13 13 12 13 14 16 18 18 16 13 10 9 9 11 13 16 17 19 19 19 19 19 21 26 35 45 50 48 39 25 15 8 6 8 11 15 18 21 25 28 30 29 26 21 16 13 13 16 22 32 40 43 41 35 27 27 37 57 89 114 126 116 89 61 36 27 26 28 28 28 29 30 32 31 27 23 21 21 21 22 23 26 29 31 32 28 22 17 11 10 10 10 9 9 9 10 12 13 13 12 10 8 7 10 14 20 27 34 38 36 31 26 27 35 49 59 60 51 38 28 23 28 39 51 58 57 46 32 22 15 13 14 17 21 22 24 25 25 23 21 21 23 26 29 28 27 24 23 21 19 20 21 22 21 20 18 16 15 15 14 12 10 6 6 6 
17 20 23 23 21 19 18 22 29 32 31 26 18 10 6 6 8 11 11 11 11 12 16 21 25 26 23 19 12 8 7 8 12 17 20 20 18 15 14 15 19 28 41 55 63 61 48 31 19 10 9 12 17 20 20 20 19 18 17 19 21 22 20 19 16 16 18 23 27 30 29 25 22 24 31 45 65 80 88 81 64 46 31 27 27 31 34 38 44 49 50 45 36 24 16 14 13 14 16 20 24 28 30 28 23 17 11 9 9 10 11 12 12 11 9 8 8 8 8 9 11 14 18 22 25 28 29 27 24 22 24 32 45 54 55 47 36 26 23 31 47 67 79 79 65 44 28 14 10 11 14 16 17 17 17 17 17 20 24 28 31 33 32 30 29 29 29 31 31 31 26 21 17 15 14 14 14 14 12 11 10 10 9 
15 15 17 18 18 18 19 23 28 30 29 24 16 9 6 6 9 12 12 12 12 12 17 24 29 33 31 26 17 10 8 9 14 19 22 21 18 13 11 11 17 30 45 62 70 68 54 34 20 11 12 18 23 24 23 19 16 14 14 16 23 28 29 27 23 20 19 21 24 25 23 20 19 21 26 33 43 51 54 50 42 33 29 30 32 37 41 49 60 69 70 60 47 30 16 11 8 9 12 15 20 24 27 26 22 17 14 13 14 18 22 25 22 19 12 7 6 6 9 12 17 21 24 25 24 21 19 17 16 16 20 26 34 39 40 37 32 27 26 34 49 71 87 90 76 53 32 14 8 9 12 14 15 13 11 11 12 17 23 29 32 33 34 36 39 45 50 54 53 47 37 25 17 12 11 14 15 16 17 18 17 17 16 
15 12 11 13 15 16 17 19 22 24 23 18 12 8 7 8 12 18 19 18 17 14 17 24 30 35 35 31 22 14 11 12 17 22 24 21 18 12 9 10 17 31 46 62 67 64 51 33 19 13 16 23 27 28 24 18 14 12 16 23 34 45 49 50 44 36 29 23 22 21 19 17 17 19 23 26 28 30 29 27 24 22 24 28 31 39 47 60 76 87 86 71 53 32 15 10 8 9 12 13 17 20 24 24 23 20 18 18 22 29 35 38 35 27 16 8 6 7 12 16 22 25 27 27 23 18 14 12 13 15 19 21 24 26 27 30 30 30 30 35 44 62 77 82 73 52 32 15 9 11 14 17 17 14 11 9 9 13 18 23 26 28 31 38 47 59 68 74 72 61 47 29 17 11 11 14 18 20 23 26 26 25 24 
15 8 7 9 11 13 14 15 16 16 15 11 9 8 9 11 17 24 27 26 22 18 17 21 27 33 35 31 24 17 14 15 20 25 26 22 17 12 10 11 18 29 41 53 56 52 41 27 17 14 18 24 28 28 23 16 13 13 22 35 49 65 74 77 71 59 45 31 24 20 18 17 19 20 21 21 20 19 17 15 13 14 18 23 27 37 48 65 82 92 89 72 52 33 18 14 13 14 15 15 17 19 23 26 27 25 25 25 31 40 47 50 45 34 20 10 6 7 13 18 25 28 29 28 22 16 12 13 17 22 25 24 21 20 21 26 31 32 31 31 35 47 59 65 60 45 29 16 12 15 22 25 24 19 12 7 6 8 13 16 17 18 23 33 46 63 75 82 79 67 49 30 17 11 11 14 19 23 27 31 32 32 31 
15 8 8 11 14 16 15 13 11 10 8 7 7 9 14 18 27 34 37 35 28 22 16 17 21 26 29 27 22 16 15 16 21 25 27 24 19 14 12 13 19 27 36 42 42 37 28 19 14 13 17 22 26 26 21 15 14 16 27 43 60 80 92 97 91 77 58 39 27 20 18 20 21 21 20 18 16 14 13 11 9 10 14 17 23 34 45 61 76 82 78 64 47 34 25 21 20 20 20 19 19 21 25 29 30 29 28 28 34 43 50 53 46 35 21 10 6 6 12 18 25 30 31 29 22 16 14 17 24 30 32 29 22 18 19 23 28 29 27 24 24 29 37 41 39 32 23 18 18 23 31 33 30 23 14 8 5 6 9 11 11 11 15 24 38 54 65 70 67 56 42 29 21 19 20 22 24 26 29 31 33 34 35 
14 11 15 21 25 27 22 17 11 8 6 6 8 13 21 27 36 42 44 42 33 25 16 13 14 17 20 21 18 14 13 14 19 23 25 23 20 15 13 12 17 23 29 32 30 27 22 17 15 13 14 16 19 19 16 14 14 19 32 50 69 89 101 107 101 86 67 45 31 23 21 24 25 24 20 17 14 12 11 10 9 9 10 13 18 28 39 53 63 65 61 51 43 37 34 32 28 25 24 21 20 22 24 28 30 30 29 28 31 39 47 49 42 31 19 9 5 5 9 16 24 31 32 30 24 18 16 19 26 32 34 30 24 18 17 19 22 23 21 18 17 19 22 25 24 21 18 19 24 30 35 36 32 24 15 10 7 8 9 11 11 10 12 17 26 36 43 46 43 37 32 28 30 34 38 38 35 31 28 27 27 29 31 
14 17 25 34 41 41 34 24 14 8 5 6 10 17 26 34 42 46 47 44 37 28 17 11 10 13 15 16 15 13 11 12 16 19 21 20 16 12 10 10 13 19 23 27 29 30 29 27 23 18 14 12 12 12 12 12 15 22 35 51 68 86 94 97 93 82 67 47 33 25 24 26 28 26 22 19 16 14 13 13 12 11 10 12 16 26 37 50 55 52 47 40 38 39 42 41 35 28 23 19 18 19 20 22 24 24 23 23 25 30 36 38 33 25 17 10 6 6 10 15 21 27 30 28 23 18 16 18 24 29 31 28 23 18 17 19 21 22 21 18 15 13 13 13 13 14 17 22 27 32 34 32 28 22 15 11 9 10 11 12 12 12 12 14 17 22 26 28 27 25 26 31 40 50 57 56 48 38 29 23 20 22 23 
15 24 38 50 59 57 48 33 19 11 5 8 12 18 26 33 39 43 44 42 37 28 18 13 12 15 17 17 15 12 10 9 11 13 15 15 13 11 9 8 10 15 19 25 33 39 44 43 38 29 20 13 9 8 9 12 16 24 36 49 61 73 78 80 79 72 61 45 32 26 24 27 28 27 24 22 20 18 17 17 16 14 13 13 18 30 43 56 60 54 46 37 36 40 44 43 36 27 19 15 15 16 17 19 20 19 18 18 20 22 25 27 24 20 17 14 13 13 14 15 18 21 24 24 20 17 15 16 19 23 25 23 20 20 19 23 25 26 25 22 19 15 13 11 11 13 19 24 27 27 25 23 19 15 12 11 11 13 13 15 15 15 14 12 12 11 12 13 14 17 22 35 51 70 82 80 67 47 31 20 14 14 13 
16 28 45 59 69 67 56 40 23 13 7 9 13 18 22 26 29 32 34 35 31 25 21 19 21 24 26 25 20 14 11 8 7 7 9 10 10 11 11 10 10 12 16 27 41 55 66 68 61 47 32 20 11 7 8 12 16 23 32 40 47 53 55 56 57 55 50 42 34 30 27 28 28 28 26 25 23 21 20 20 19 16 15 15 21 37 53 68 73 66 53 39 34 35 39 39 33 24 16 12 14 18 22 25 24 22 19 18 20 22 22 22 21 20 21 22 21 21 18 16 15 16 18 20 18 15 13 14 15 17 18 18 19 21 24 28 30 31 30 27 24 21 19 17 16 17 21 24 24 21 16 13 11 9 9 10 12 14 15 17 18 18 16 14 12 10 10 10 12 15 22 37 57 81 97 96 82 56 34 19 10 8 7 
15 28 46 61 72 70 59 42 25 14 9 10 13 18 20 20 21 22 23 24 24 23 23 26 31 36 37 35 27 20 13 9 7 6 6 8 11 12 14 15 14 14 17 29 46 65 81 86 80 63 44 28 15 10 9 12 16 20 25 30 33 35 36 37 38 39 40 43 43 42 39 35 31 28 25 24 22 20 19 18 17 15 15 17 26 44 62 79 85 79 62 42 30 26 27 29 25 19 14 13 17 24 31 34 33 29 24 23 23 23 21 20 22 25 30 34 36 33 27 20 15 13 14 17 19 19 18 15 14 12 13 13 15 20 25 31 34 36 36 34 33 31 29 26 24 23 25 24 22 16 10 6 5 5 6 8 12 14 16 18 20 20 19 18 17 16 15 14 14 15 20 34 53 76 95 97 86 61 38 20 9 6 6 
14 25 40 52 62 62 54 40 26 16 13 17 23 29 29 26 21 16 15 15 19 22 27 33 41 47 47 42 33 24 17 10 8 7 7 10 15 19 23 24 22 19 19 28 45 65 85 92 89 71 51 33 18 11 9 11 16 19 23 25 25 26 26 26 28 31 37 48 57 62 58 48 38 27 21 18 16 14 13 13 12 12 13 18 29 47 65 82 88 82 65 42 27 18 17 19 18 16 14 16 22 30 37 40 39 34 29 27 25 24 22 21 24 31 39 46 50 46 37 27 17 12 14 19 25 28 27 21 16 11 9 9 12 17 23 31 37 40 43 43 42 39 35 32 30 29 29 26 22 14 8 4 4 4 5 6 10 11 15 18 21 23 25 28 31 33 31 27 21 18 18 27 41 60 76 81 73 54 35 19 10 10 13 
15 22 31 38 45 46 43 34 25 18 19 28 39 48 49 43 31 19 14 13 16 22 29 36 44 49 47 41 33 25 18 13 11 10 11 14 20 26 31 33 30 25 21 24 35 52 70 78 77 63 46 31 18 13 11 13 17 19 21 20 18 17 17 18 20 26 36 53 66 74 71 58 41 24 17 12 10 10 9 7 7 8 11 18 30 48 64 79 83 76 59 38 24 15 13 15 15 16 16 18 25 32 40 42 40 36 30 27 24 22 20 20 24 32 43 52 58 56 46 33 20 15 16 24 33 38 37 31 22 12 7 7 10 15 21 30 37 43 47 48 46 41 35 31 29 30 31 28 23 15 9 7 7 7 7 6 7 9 13 17 21 25 32 40 48 54 52 46 34 25 18 19 26 38 49 54 51 40 27 18 16 21 31 
19 21 23 26 29 30 30 24 20 18 26 41 56 68 68 61 45 29 19 14 16 20 27 33 38 41 40 36 28 22 17 15 14 14 15 17 22 29 34 37 34 27 21 18 23 33 45 52 52 45 34 23 16 14 15 17 19 20 20 18 16 13 13 15 19 26 39 54 65 72 67 54 36 21 13 9 8 7 7 5 5 6 10 16 28 42 55 67 68 62 47 32 24 19 18 20 20 19 18 19 25 31 38 41 40 37 33 31 31 31 30 29 29 34 45 56 64 64 52 37 22 15 17 27 39 47 47 39 27 15 7 7 10 15 20 28 35 41 46 46 44 37 31 26 24 25 26 23 19 14 11 10 10 10 8 6 6 8 12 17 21 25 35 47 60 71 72 64 47 33 21 15 17 23 31 35 34 28 20 17 24 35 50 
30 26 19 16 14 15 16 14 14 17 30 49 66 80 81 73 54 36 23 16 16 19 24 29 31 33 32 28 23 19 16 15 15 15 16 18 22 28 33 35 33 26 19 14 14 19 25 30 32 29 22 18 16 17 20 23 24 23 20 16 14 12 13 15 22 32 43 54 59 60 52 41 27 16 11 9 8 7 7 7 6 6 9 14 22 33 44 52 53 47 37 29 27 27 28 29 28 24 20 19 22 27 34 38 38 38 40 43 50 54 53 47 40 37 44 54 62 62 50 35 20 14 17 29 42 51 52 41 29 16 10 11 14 20 24 29 33 36 38 36 33 28 24 19 17 17 17 15 14 12 13 14 14 12 9 6 7 10 15 20 24 27 36 47 64 78 83 76 60 42 26 16 13 14 18 21 21 19 17 21 35 52 70 
43 33 20 13 8 8 9 9 12 16 29 46 62 74 76 68 52 34 23 16 16 19 25 30 33 35 33 27 21 16 13 13 13 14 15 17 20 24 26 28 26 21 15 10 9 9 12 15 16 17 14 15 16 20 24 27 26 23 18 14 12 11 13 17 26 36 45 51 50 44 34 26 18 12 10 10 11 11 12 12 10 9 8 10 13 21 28 33 34 31 27 26 28 32 35 36 33 28 23 19 19 22 26 29 31 37 48 62 79 87 84 71 54 43 41 47 52 52 43 29 17 13 19 32 45 51 49 38 26 15 12 16 22 29 33 34 33 31 27 24 22 20 18 17 15 13 11 10 10 11 13 15 15 12 9 7 9 14 21 27 30 31 35 43 56 70 78 75 62 45 29 18 15 14 17 19 19 18 19 25 41 59 79 
52 38 23 14 7 6 7 8 11 14 24 37 48 57 58 51 40 28 19 15 17 22 32 40 46 49 45 36 25 15 10 9 10 12 13 15 18 20 20 20 19 16 12 8 7 7 9 11 13 15 15 16 18 21 24 25 23 20 15 12 10 10 13 18 27 36 43 45 40 30 20 15 10 9 10 11 13 16 18 18 16 14 10 8 7 11 14 17 18 18 18 22 27 33 37 38 34 27 21 16 15 16 18 21 26 41 65 91 117 126 119 96 68 49 36 34 35 35 28 20 12 12 19 30 40 44 40 30 22 15 17 24 34 41 43 40 34 28 22 19 17 17 18 19 19 16 12 9 8 8 11 13 14 11 8 7 11 19 28 36 39 39 38 41 48 58 64 64 55 42 29 20 19 20 23 26 25 23 22 26 39 56 74 
53 38 24 16 11 10 11 11 11 11 16 22 28 32 33 29 24 19 15 15 20 28 44 60 73 78 72 57 36 20 10 5 6 8 10 12 13 14 14 15 16 16 14 10 7 6 8 12 17 21 23 23 21 19 19 18 16 15 12 10 9 10 12 18 25 33 39 38 32 23 13 9 5 6 8 11 14 17 21 21 20 18 13 9 7 7 9 11 12 12 14 19 24 31 34 34 29 21 16 13 12 13 14 19 26 49 83 115 145 152 140 111 76 50 30 23 22 21 18 14 11 11 16 23 29 32 28 22 16 15 21 32 46 53 54 48 38 29 22 20 19 22 26 29 29 25 19 11 8 6 8 10 10 9 8 9 16 26 37 46 47 44 39 36 36 41 46 47 42 33 24 19 21 26 32 32 30 25 23 23 30 41 55 
45 33 23 18 16 17 17 15 13 10 10 11 13 15 16 17 15 15 16 18 24 33 54 76 96 106 99 79 50 27 13 5 5 7 9 9 10 11 13 16 22 25 25 20 13 9 11 17 25 32 34 32 26 20 15 11 10 9 10 9 9 10 11 15 21 28 33 33 26 19 11 9 7 8 10 12 14 17 22 24 24 22 17 13 9 10 12 14 14 12 11 13 18 24 29 30 25 18 13 11 12 14 15 21 29 56 93 130 161 167 152 120 81 52 28 19 17 17 17 15 13 12 14 17 20 21 19 16 12 15 24 37 52 60 62 55 43 33 25 23 25 30 35 40 39 34 25 16 9 6 6 8 8 8 9 13 22 32 43 49 48 43 35 29 27 28 32 33 30 25 18 18 24 32 38 37 33 25 20 18 20 25 33 
34 28 24 24 25 26 25 21 17 13 10 9 8 9 13 16 19 21 21 22 26 34 54 78 103 118 111 89 56 31 16 8 9 10 11 10 9 11 15 24 33 38 38 32 22 15 15 22 31 40 42 39 31 23 15 9 7 8 10 11 11 11 11 12 18 23 28 30 26 20 15 14 15 16 15 15 14 15 19 22 25 24 21 18 15 18 22 25 24 18 13 10 12 17 22 23 20 15 12 14 19 24 27 30 35 57 93 128 158 164 149 115 78 49 27 20 21 23 25 24 19 15 11 11 13 16 18 18 17 20 26 36 49 57 60 55 44 34 26 26 30 37 43 47 46 40 31 19 12 8 6 7 7 9 11 17 28 37 45 48 44 37 29 24 21 22 24 26 24 21 18 21 29 37 42 40 33 25 18 14 14 17 25 
26 25 27 30 34 35 34 30 25 20 13 10 8 13 21 29 37 39 36 31 29 31 47 68 89 102 96 77 50 30 21 19 23 25 22 18 14 15 21 32 46 53 52 43 31 21 18 25 36 45 48 46 37 26 17 10 8 10 14 16 16 14 13 12 15 22 27 29 27 23 21 22 23 24 21 17 14 13 15 19 22 24 22 21 22 26 33 37 33 26 15 10 10 14 18 18 16 13 13 20 29 39 43 42 41 53 79 109 135 141 126 97 65 42 27 26 32 37 39 36 28 19 13 11 14 20 27 29 30 29 29 32 38 44 48 46 40 32 27 27 31 38 44 48 47 43 37 27 20 14 10 9 9 11 14 21 31 39 43 42 36 28 22 19 18 21 26 29 29 24 22 24 32 39 42 39 31 21 15 11 12 17 29 
23 25 29 32 37 39 39 36 31 25 17 13 12 21 34 46 56 58 51 39 30 27 34 47 60 66 62 50 35 27 28 36 44 46 41 31 23 21 28 40 55 64 62 51 36 22 17 22 32 43 48 48 41 30 20 13 12 17 23 28 28 23 19 15 15 20 24 25 24 22 22 23 25 25 23 19 14 12 13 15 17 18 19 20 25 33 42 47 43 33 20 12 12 14 16 16 13 12 15 27 42 55 60 54 46 46 58 78 99 105 95 72 49 33 27 31 40 49 51 47 36 25 18 16 21 29 38 42 43 39 33 28 27 29 33 35 34 31 27 26 28 33 39 44 45 44 42 36 29 22 15 12 11 13 16 23 30 36 37 33 28 21 17 16 19 28 37 42 41 33 26 25 29 36 38 35 27 19 14 13 16 24 40 
22 24 27 30 33 35 37 36 33 28 21 16 17 26 40 55 66 67 58 42 29 23 23 30 37 39 35 27 24 26 35 50 61 63 56 43 32 26 32 43 59 67 65 52 36 21 13 16 23 34 40 44 40 32 22 16 16 24 35 42 42 35 27 20 16 17 18 19 18 17 17 19 20 21 21 19 15 14 13 13 15 14 16 18 26 36 48 53 50 39 27 19 20 21 23 20 15 13 18 33 49 62 66 57 44 33 34 44 57 61 57 44 30 24 25 35 46 55 56 50 38 28 23 24 33 41 51 55 56 49 37 26 19 20 25 33 38 39 34 28 24 26 33 39 43 44 43 39 32 25 17 13 12 15 17 21 25 26 26 24 21 17 15 17 24 37 48 55 51 39 27 20 21 27 31 29 25 20 16 16 22 30 46 
19 22 23 24 25 27 30 30 28 25 19 16 17 25 38 52 61 61 52 37 25 17 15 17 19 18 16 14 17 26 41 60 72 75 66 51 36 29 34 46 61 68 66 53 36 20 10 10 15 25 32 37 36 30 22 19 22 32 46 56 57 49 37 25 16 13 12 12 11 11 11 12 13 16 17 18 17 16 16 16 17 16 17 20 27 38 49 55 52 42 32 27 29 32 33 28 22 18 21 34 47 56 56 47 34 22 20 24 31 34 32 26 19 18 22 32 42 50 49 42 32 25 24 31 41 49 58 62 62 54 41 27 19 21 31 45 54 55 47 33 23 20 25 31 37 39 38 34 28 22 17 14 14 15 16 16 17 16 16 16 15 15 16 19 28 42 53 59 53 40 25 15 16 21 27 28 26 24 23 24 30 36 48 
16 19 20 20 20 20 22 22 22 21 18 17 16 22 30 38 45 44 36 26 18 13 14 18 20 19 17 16 19 27 40 57 69 72 63 48 34 28 34 46 60 66 64 51 35 20 9 7 10 16 23 27 26 23 19 19 25 37 53 64 66 57 42 26 15 10 8 9 10 10 10 10 11 12 14 16 18 18 20 21 24 25 26 27 31 37 43 48 48 41 34 31 33 37 38 32 25 21 24 33 42 46 42 32 23 13 11 13 17 20 20 17 15 14 17 24 30 35 34 29 23 21 25 33 43 51 58 60 60 52 41 29 24 30 45 63 73 71 58 40 24 17 19 23 28 29 28 24 20 18 16 16 16 14 13 12 12 12 13 15 16 17 19 21 28 37 47 50 44 34 21 14 16 21 27 31 31 32 34 36 38 40 43 
13 18 19 20 18 16 17 18 21 23 24 24 22 23 24 27 29 28 22 17 13 13 19 26 33 35 32 27 25 26 34 46 55 57 50 38 27 24 32 45 57 62 59 47 35 22 13 9 9 12 16 17 17 15 14 17 23 36 51 61 63 54 40 25 14 12 12 15 17 17 16 15 14 13 13 14 16 17 21 25 30 34 35 35 34 34 34 35 35 32 28 27 30 33 34 29 23 21 24 29 33 32 26 18 13 10 11 14 18 21 20 17 14 11 10 13 16 19 19 17 16 19 25 35 44 50 55 55 55 49 40 30 29 39 58 78 87 81 60 39 21 12 13 15 19 20 19 18 18 19 20 22 21 17 13 12 13 13 16 19 22 24 24 23 25 28 33 36 32 25 18 15 17 23 30 34 38 41 44 46 44 41 36 
13 19 21 22 19 17 16 22 31 41 49 50 45 36 27 20 16 14 10 8 9 14 27 41 53 58 53 44 33 27 27 33 39 40 35 26 20 20 28 41 51 55 52 46 39 32 27 22 17 13 12 11 10 10 12 17 21 30 41 48 50 44 35 25 18 19 22 26 29 28 26 25 20 16 14 12 12 14 19 25 32 38 39 37 33 29 26 23 20 19 18 20 23 25 25 22 19 18 20 24 25 22 16 12 10 13 18 24 29 30 28 22 15 10 6 7 10 12 14 14 16 20 28 38 45 47 48 48 47 42 36 30 31 42 61 79 83 75 53 33 18 11 12 14 15 15 14 16 20 25 30 32 29 23 18 18 21 25 29 33 35 35 31 26 22 20 21 22 22 20 18 17 19 22 29 36 45 52 56 56 49 40 29 
16 23 26 26 23 20 20 31 49 68 85 88 78 58 37 22 11 8 6 5 8 15 33 50 65 72 67 55 39 28 23 24 29 30 26 20 18 19 25 33 41 45 46 49 53 58 59 53 41 26 15 8 7 9 15 20 24 27 32 33 35 32 28 25 24 28 34 39 42 43 42 41 35 27 19 13 10 12 17 25 31 36 38 35 32 25 21 15 12 11 13 17 20 21 20 16 14 15 17 18 17 14 11 10 12 18 25 32 37 37 33 25 16 11 7 8 11 15 17 17 20 25 32 41 45 45 42 39 37 34 30 26 29 37 53 66 67 60 43 27 18 16 19 20 20 16 15 16 22 31 39 40 36 29 24 25 31 38 44 48 48 45 38 30 21 17 17 17 19 20 20 19 19 20 25 33 45 56 60 58 47 36 25 
22 30 32 31 27 23 25 42 67 97 124 129 114 81 48 25 10 7 6 7 10 18 33 49 62 68 64 53 37 26 22 22 27 29 28 24 22 20 23 26 31 35 42 55 70 87 92 86 68 42 22 10 8 13 20 27 31 31 30 28 27 25 24 24 27 32 38 44 47 50 52 52 48 37 26 16 11 13 18 25 30 32 32 31 28 23 20 15 14 12 16 21 24 25 22 18 14 13 14 13 12 10 9 12 16 23 29 34 37 36 31 24 18 14 12 14 18 22 24 23 24 26 32 38 40 40 36 31 29 26 24 21 23 28 37 45 45 40 31 24 24 30 35 35 30 22 17 17 23 33 40 40 35 27 23 24 33 45 55 61 59 53 42 31 21 15 14 16 19 20 21 20 19 19 22 28 39 48 52 51 42 34 26 
31 38 39 36 29 26 30 52 84 123 156 162 142 99 57 30 15 15 16 15 15 17 25 35 44 49 47 40 29 22 20 23 29 35 36 34 29 23 19 17 20 26 39 61 83 107 117 109 88 55 31 13 9 14 23 33 38 38 34 29 23 21 21 22 25 29 33 38 42 46 50 52 50 40 28 17 13 15 20 26 28 29 28 26 24 23 21 20 20 20 23 28 32 34 30 25 18 15 14 12 11 10 10 14 18 24 28 30 30 28 25 21 18 16 17 22 26 30 31 29 26 25 27 31 35 38 37 33 29 24 20 17 17 19 22 26 25 23 22 25 35 47 55 54 44 32 22 18 22 29 34 33 29 21 18 20 30 43 55 60 58 51 41 32 24 18 17 16 19 20 22 22 22 20 20 22 28 34 38 39 35 30 30 
37 41 41 36 29 26 30 54 88 129 162 165 143 99 59 34 24 29 31 28 21 16 15 19 22 27 27 25 20 17 17 24 33 42 45 43 36 26 18 12 13 20 33 56 79 101 111 105 86 56 33 15 11 17 29 44 52 54 48 39 29 23 22 23 25 25 26 27 29 34 38 40 39 32 25 18 17 20 26 32 33 31 27 24 23 24 25 29 29 29 30 32 36 38 34 29 21 17 15 12 11 9 10 13 18 22 24 24 24 23 21 19 17 18 21 27 33 38 39 35 29 23 20 25 34 42 47 44 38 27 19 15 14 16 17 17 16 15 19 27 42 59 68 67 55 40 26 18 18 21 24 24 21 15 13 15 24 34 44 48 47 42 36 32 28 24 23 19 19 21 24 26 26 24 20 17 18 22 25 28 29 29 34 
35 37 35 29 23 22 27 49 80 116 143 144 123 85 53 38 35 43 46 41 31 19 13 12 13 16 18 17 15 14 15 23 33 44 49 46 38 27 18 12 12 17 26 42 59 75 82 79 66 45 27 14 13 21 35 53 65 71 64 53 39 30 27 27 28 26 23 19 19 21 23 25 24 21 19 18 21 26 34 40 41 38 31 25 23 25 29 34 35 34 31 31 33 34 31 27 23 21 21 18 16 12 10 11 14 17 18 18 19 20 19 18 17 18 23 29 36 43 43 38 29 22 19 27 41 55 62 58 46 30 19 14 14 16 17 16 14 13 17 26 43 60 70 72 60 45 29 17 14 13 15 15 14 10 9 10 17 24 31 34 33 30 30 32 33 32 29 25 24 26 29 31 30 28 22 17 14 16 19 23 27 30 36 
28 26 24 20 16 16 20 36 58 82 98 98 83 58 42 38 45 56 59 51 37 23 14 11 12 16 19 20 18 16 15 20 29 39 45 43 36 25 18 13 14 17 22 30 39 46 49 48 40 28 18 11 13 21 36 56 71 81 77 65 50 40 38 38 37 31 23 17 15 16 17 17 17 16 14 17 24 31 41 47 48 43 35 27 22 24 28 32 33 32 29 27 27 25 23 22 23 25 28 27 22 17 11 9 10 12 14 16 18 20 20 19 18 18 22 28 35 41 41 36 28 22 22 32 49 65 72 66 51 32 20 14 14 18 21 21 19 17 17 23 35 50 60 63 57 45 31 19 16 15 16 15 14 11 10 10 14 17 20 20 18 18 21 26 31 32 29 27 27 28 30 32 30 27 21 18 16 19 24 30 36 38 41 
21 17 14 13 11 11 13 22 34 47 55 55 45 35 30 35 47 58 61 52 38 25 16 16 19 26 32 33 29 23 18 17 22 29 35 34 29 22 18 18 21 24 28 28 29 27 25 22 18 13 10 8 12 19 32 49 65 75 73 63 51 44 44 46 45 40 33 29 26 25 23 19 17 16 15 18 24 31 41 47 48 43 35 26 21 21 24 27 28 26 23 20 19 17 18 19 24 28 33 32 27 20 12 8 7 9 12 16 19 22 21 19 17 17 21 27 33 38 37 33 25 20 22 33 48 63 69 63 50 32 19 13 14 20 24 27 24 22 20 22 27 37 46 51 49 42 32 25 25 27 28 26 22 17 16 17 18 19 17 14 11 11 14 19 23 24 23 23 24 26 26 26 24 21 18 19 22 29 36 45 50 49 47 
15 11 11 12 10 10 11 14 19 24 28 28 24 20 21 28 41 51 54 47 36 24 17 18 25 35 43 47 42 32 21 15 17 21 25 25 22 20 19 23 30 36 39 37 33 26 19 15 10 8 7 8 11 16 26 38 49 57 55 49 41 38 41 45 49 50 51 52 50 46 38 31 24 21 20 19 21 26 33 39 41 37 31 23 18 18 20 21 21 20 18 16 14 14 15 19 24 29 33 32 28 22 14 10 8 10 15 20 25 27 25 21 17 16 18 22 27 30 29 25 19 17 19 30 42 55 60 56 46 29 18 12 14 21 28 32 30 26 20 18 18 24 33 41 43 39 35 34 39 46 48 44 37 31 32 32 32 29 22 15 10 8 10 13 15 15 15 16 17 20 20 20 17 16 15 18 24 34 44 54 58 57 50 
17 16 17 16 14 13 12 11 11 12 12 12 11 10 13 19 29 37 39 35 28 21 18 21 31 43 53 58 52 39 25 15 12 13 15 17 16 18 23 33 46 56 60 54 44 30 20 16 12 11 10 9 9 12 16 23 30 34 34 32 27 26 30 38 51 62 72 78 76 68 55 44 33 26 22 18 18 20 25 31 32 30 24 19 17 17 17 17 18 18 17 17 15 14 16 20 25 28 31 29 26 22 17 14 13 15 20 26 32 33 31 26 21 17 16 17 20 21 20 18 15 14 17 26 35 46 51 48 39 25 15 10 12 19 28 33 32 28 22 18 18 26 35 43 45 41 36 38 46 57 62 59 53 50 55 58 58 50 36 22 14 10 11 13 13 12 11 10 11 14 14 15 13 13 13 17 25 37 49 60 62 57 47 
26 28 28 25 21 18 15 12 11 11 11 10 9 8 9 13 18 23 25 23 19 18 19 25 35 46 55 59 52 40 26 15 11 9 9 11 13 18 26 41 60 73 78 69 54 37 26 24 25 26 24 20 14 11 10 12 15 17 19 19 18 18 22 34 53 73 92 101 99 85 67 52 38 29 23 18 16 18 22 25 26 23 18 15 13 12 12 13 16 19 22 23 21 19 19 20 23 25 27 27 25 23 19 16 15 18 25 32 40 42 41 36 29 22 17 15 15 15 15 13 12 12 15 25 34 44 47 43 33 20 12 7 9 16 23 29 29 27 25 24 30 42 52 58 54 44 35 33 41 52 59 61 60 63 72 81 81 69 50 30 20 15 16 18 18 15 13 10 10 11 13 14 14 14 14 17 25 37 49 59 59 52 40 
39 45 45 40 31 23 17 12 12 13 14 13 11 8 7 7 10 13 14 14 15 17 21 27 37 46 50 52 45 36 23 13 10 7 7 8 11 16 25 41 63 78 83 73 55 38 30 33 40 45 44 36 25 15 10 9 10 13 17 19 19 19 22 33 53 74 96 105 102 86 65 49 35 26 22 18 17 19 21 23 23 20 15 13 11 10 10 12 18 23 30 32 32 28 24 20 18 20 21 22 22 21 18 17 16 21 28 36 44 48 49 45 39 30 21 16 14 15 17 19 21 20 21 26 31 37 37 33 24 15 10 7 9 13 18 22 23 26 31 38 54 74 87 90 75 55 34 24 28 36 45 50 56 67 80 92 90 76 54 32 22 18 21 23 24 21 19 13 11 10 11 14 15 17 17 19 27 39 50 57 56 50 38 
51 60 60 53 39 26 17 11 12 15 17 17 15 10 8 8 9 11 12 14 17 21 27 32 37 40 41 39 33 26 18 12 9 8 8 10 12 16 24 37 56 69 74 64 48 35 33 40 53 63 61 52 35 22 12 10 11 16 21 25 25 23 23 30 44 63 83 92 90 75 55 39 26 19 17 15 16 17 18 18 17 16 15 13 12 11 11 14 20 27 36 40 41 35 27 20 16 15 16 17 18 18 16 15 16 21 28 35 42 46 48 47 43 35 25 19 17 22 28 36 39 38 34 30 28 26 25 22 18 14 13 14 16 18 18 19 20 25 38 55 81 107 121 120 95 65 34 16 15 20 30 36 45 57 70 82 80 68 48 29 21 19 24 29 32 29 26 19 14 12 13 17 19 22 22 22 27 35 44 50 49 44 35 
55 65 65 55 38 24 14 9 11 15 18 19 17 14 12 13 17 20 21 23 25 30 35 38 37 34 30 26 21 18 14 12 11 11 12 14 15 18 23 33 45 53 57 49 39 30 31 40 55 65 64 54 37 24 14 13 16 22 27 32 32 28 23 23 30 42 56 63 62 51 36 25 17 16 18 21 23 21 18 16 15 17 20 21 21 19 17 19 24 31 39 43 44 37 27 19 14 13 14 16 17 17 16 15 16 20 26 32 37 40 42 43 40 33 25 20 21 31 44 58 64 59 49 35 25 18 15 14 15 18 22 26 29 29 26 22 22 27 44 66 96 124 138 133 103 69 35 14 12 17 25 30 36 43 51 59 59 51 37 23 17 19 26 32 37 35 30 23 18 16 19 23 26 27 26 23 23 28 34 40 41 38 33 
47 54 53 45 30 20 11 8 11 15 20 22 20 19 18 23 29 33 35 36 37 40 42 42 38 30 23 18 14 14 14 14 15 15 16 16 17 21 25 32 40 44 45 40 33 27 28 34 45 52 52 43 31 20 15 16 20 26 31 35 34 29 22 18 20 26 33 37 35 28 21 15 15 21 29 37 40 34 25 19 16 21 28 31 33 29 25 23 26 33 39 41 41 34 25 17 12 13 16 19 22 24 25 26 25 25 26 27 29 30 32 33 31 25 20 19 25 43 63 84 94 87 70 44 26 13 10 15 22 32 40 48 50 47 39 30 26 30 46 66 92 113 122 114 87 57 28 13 13 19 26 28 30 31 34 37 37 33 25 17 16 21 30 37 41 39 32 25 21 20 25 31 33 32 28 22 18 19 24 29 32 32 32 
35 37 34 29 20 15 10 9 11 15 19 21 20 21 22 30 39 44 47 46 45 46 47 46 40 29 20 15 13 15 18 21 22 21 20 19 22 29 36 44 49 49 46 39 34 28 26 27 32 36 36 31 24 19 18 21 24 30 33 36 33 28 20 16 16 20 24 25 23 17 13 13 19 31 46 60 61 52 35 23 19 24 34 39 39 35 27 24 26 32 36 38 36 28 21 15 11 13 18 25 31 37 42 42 40 35 29 25 22 22 23 24 22 18 16 18 28 50 75 100 111 104 83 51 29 14 13 22 35 50 61 71 72 65 52 37 28 29 40 53 68 78 81 73 54 36 21 17 21 29 35 36 32 26 22 21 23 23 23 21 21 25 31 36 39 36 31 25 24 27 35 43 45 42 33 24 17 18 24 32 38 40 40 
29 26 22 20 16 13 11 11 11 13 15 17 17 19 22 30 40 46 49 47 45 46 47 46 40 30 22 17 18 21 26 30 31 29 24 23 27 39 52 65 71 71 62 50 42 33 27 26 27 30 30 29 26 24 24 26 29 34 35 36 33 29 25 26 30 35 36 32 24 14 12 14 27 46 67 83 82 68 45 26 18 21 31 38 38 34 25 20 20 24 28 30 29 23 17 12 9 12 19 30 42 52 62 63 59 47 35 26 20 21 23 25 23 19 17 20 31 54 78 103 113 105 81 49 28 15 18 29 46 65 79 89 87 77 59 40 28 24 29 36 44 46 45 38 29 23 19 22 31 41 46 47 39 28 20 18 22 27 32 33 29 28 28 30 31 30 27 24 26 31 43 53 56 51 39 29 23 29 42 58 67 66 59 
27 22 19 18 17 16 15 12 11 10 11 12 14 17 20 27 34 39 42 41 40 40 41 39 34 27 22 21 23 27 34 38 39 35 30 26 31 45 64 84 94 94 83 65 51 38 33 32 36 40 41 39 36 31 29 30 33 35 35 36 36 37 40 47 57 65 63 51 35 18 14 17 34 56 78 93 90 73 47 26 16 15 22 29 30 26 20 15 13 15 20 23 23 21 16 13 11 14 20 32 46 59 71 73 69 55 40 28 22 25 28 31 30 25 22 22 30 48 69 89 96 87 65 38 22 13 18 30 49 73 90 102 99 86 65 41 26 17 18 22 26 25 22 17 14 14 20 31 43 54 57 53 42 28 20 19 27 37 45 45 39 29 23 21 21 21 20 21 26 33 46 56 62 58 46 35 34 48 71 97 108 102 81 
28 23 22 22 22 23 21 16 12 9 8 9 11 15 17 21 24 26 29 30 31 33 33 31 27 22 20 22 27 35 44 50 51 45 38 32 35 50 69 91 103 104 92 72 55 41 38 42 50 58 60 55 46 38 32 31 32 33 35 37 43 53 65 81 94 100 90 67 43 21 15 19 37 60 82 94 89 71 44 24 14 12 17 21 22 19 15 11 10 12 16 19 21 22 20 19 17 17 21 31 42 54 63 66 64 53 40 30 26 28 32 36 36 32 27 24 26 38 52 65 68 60 44 26 16 11 15 25 42 66 84 97 95 83 62 38 24 15 15 19 23 25 23 19 17 17 25 38 51 61 61 54 41 28 22 26 37 51 59 57 46 31 18 14 12 14 15 17 21 28 39 49 55 53 45 38 46 71 107 144 157 143 105 
26 24 25 26 28 28 26 20 15 10 7 8 10 13 15 16 17 18 20 23 27 33 35 33 28 22 19 20 28 38 50 57 57 51 43 37 39 51 66 84 93 93 83 66 51 40 40 49 61 70 72 63 49 39 31 30 30 29 33 38 52 72 92 114 125 125 105 75 46 21 14 18 35 56 73 82 74 57 34 20 13 11 13 15 15 12 10 8 8 10 13 16 19 24 28 30 29 26 25 28 33 40 46 48 47 40 33 27 26 29 32 36 36 34 29 23 21 27 35 42 43 37 28 18 13 11 12 17 29 47 63 77 78 68 51 34 22 18 20 25 31 35 36 32 28 26 30 40 51 60 59 52 38 28 26 33 47 61 68 62 49 32 19 14 13 16 18 17 17 20 28 35 40 40 37 35 50 84 126 168 180 160 113 
24 25 28 31 34 32 28 21 15 10 8 9 11 15 17 17 17 17 18 25 34 45 51 50 41 30 23 20 27 38 49 55 54 49 41 37 39 50 61 72 76 73 65 51 41 36 39 48 60 68 67 57 44 35 28 28 28 27 30 38 57 81 104 125 130 123 99 68 41 18 12 15 28 44 56 60 52 40 25 17 14 14 14 14 11 8 8 8 8 10 12 15 19 26 34 40 42 37 30 24 23 23 26 28 28 26 23 22 22 25 27 30 32 31 27 21 17 18 20 22 22 19 16 14 14 15 14 14 19 26 37 47 50 45 37 29 26 27 32 38 46 50 52 48 41 35 32 35 42 47 46 40 31 28 33 48 65 78 80 69 53 35 23 21 22 25 26 22 18 16 20 24 28 29 28 29 47 79 121 160 170 151 106 
22 24 27 30 33 31 27 21 15 10 10 11 15 19 21 22 21 22 26 38 54 72 83 81 66 46 31 22 24 32 41 44 43 37 32 30 34 43 50 54 52 47 40 32 28 29 35 44 53 57 54 43 33 28 26 28 28 27 29 36 55 78 97 112 110 99 75 50 30 13 9 11 20 30 38 40 36 29 22 20 19 18 17 13 9 8 8 10 10 11 11 14 18 26 35 44 48 43 35 25 19 14 14 17 20 21 20 19 18 18 19 22 25 25 22 19 15 14 14 14 13 12 13 15 18 21 21 17 16 16 19 24 28 27 27 28 31 37 44 50 57 61 62 58 49 39 29 26 27 29 29 25 23 26 37 58 76 86 83 67 50 35 29 33 40 45 44 35 24 17 15 17 21 22 22 25 38 62 93 121 127 113 78 
20 21 23 25 26 26 24 18 14 11 11 14 18 22 25 26 26 28 35 52 73 96 110 107 88 60 39 23 21 25 31 32 30 25 21 21 26 32 35 35 32 27 21 17 18 22 29 36 42 42 38 30 25 26 31 34 34 31 28 32 44 61 72 79 73 63 45 29 19 11 9 10 14 18 21 23 25 26 29 31 31 27 20 14 10 10 11 12 13 12 11 13 16 25 33 42 46 43 36 25 17 10 10 14 20 24 25 23 19 17 14 16 18 19 18 14 12 10 9 9 8 9 13 18 23 26 25 21 16 13 13 16 20 22 25 29 35 42 48 53 57 61 62 58 48 38 26 19 18 18 18 16 18 25 36 56 72 79 73 57 42 31 34 43 56 62 59 47 31 20 15 16 19 21 21 22 29 42 58 71 74 66 46 
18 17 17 19 18 18 18 15 13 12 13 15 19 23 26 26 27 30 39 59 81 107 119 115 95 65 42 24 19 22 25 27 26 23 19 18 20 23 25 24 22 19 15 14 14 17 23 29 34 34 29 25 26 31 39 43 41 34 27 26 32 40 46 49 45 37 27 19 15 13 12 12 12 13 13 17 23 30 39 42 40 32 22 15 13 14 15 16 16 14 11 11 13 20 27 35 39 37 32 23 16 11 14 20 29 36 37 33 24 17 12 12 14 17 18 15 13 11 10 10 10 11 15 22 28 31 30 26 19 13 11 12 16 19 21 25 30 36 41 44 46 48 49 46 38 29 21 16 13 13 12 12 14 20 28 42 51 56 50 39 29 25 31 44 59 66 63 50 34 22 14 14 16 18 18 18 21 27 33 37 38 35 27 
16 16 16 17 17 16 16 15 14 15 15 16 18 20 23 23 25 28 37 55 73 94 102 98 81 56 38 23 19 20 22 25 26 24 22 19 16 16 17 20 22 23 22 20 17 17 19 22 26 27 26 27 31 37 43 45 42 33 26 23 24 28 32 32 30 26 20 17 16 16 16 16 14 12 12 16 24 34 43 45 40 30 20 15 15 19 23 24 21 18 12 10 10 15 20 28 33 32 27 20 14 14 20 30 41 48 47 40 29 19 13 12 16 21 24 23 21 20 19 18 17 16 18 23 29 33 33 29 21 14 11 12 15 17 17 19 21 25 27 29 31 31 32 30 25 19 16 14 14 15 15 14 15 16 18 22 26 28 26 21 16 16 23 35 47 52 51 42 28 19 13 12 12 14 14 14 15 15 14 14 14 15 15 
16 17 19 23 25 24 22 19 19 18 18 17 17 17 19 21 24 26 33 44 54 65 70 67 56 42 32 23 21 21 25 29 32 32 28 23 18 17 21 30 38 45 46 40 31 24 19 19 22 25 29 33 39 44 47 46 40 32 27 26 28 30 31 28 25 22 20 19 20 23 25 24 20 16 14 16 24 33 41 41 34 24 17 14 16 21 24 25 21 18 11 8 7 10 14 22 26 25 21 16 13 16 25 35 47 52 50 42 29 18 12 13 19 26 33 36 37 37 36 33 27 23 20 21 26 30 31 27 19 12 9 10 13 15 15 14 15 16 19 20 22 22 23 22 18 15 13 13 17 19 21 21 18 14 13 12 13 15 14 13 11 12 16 22 29 32 33 27 19 15 12 11 11 11 11 12 12 11 8 8 9 11 15 
18 24 30 36 40 38 33 26 21 19 18 18 17 18 20 26 30 32 33 34 36 40 43 43 41 36 31 27 25 26 31 38 43 42 36 29 23 24 32 48 63 75 75 63 50 33 23 19 21 26 31 38 45 50 51 47 39 31 30 33 38 41 39 35 29 24 22 23 26 30 33 32 27 21 16 17 22 28 33 32 26 18 14 13 15 18 20 20 17 14 9 5 4 7 11 16 19 18 14 12 12 17 25 34 43 46 44 36 25 16 10 12 20 30 42 52 59 62 61 54 42 32 23 20 22 25 26 22 17 10 7 7 9 12 13 12 12 12 14 16 21 25 28 28 23 18 14 13 18 23 26 26 21 14 9 5 5 7 9 11 12 13 14 15 18 18 18 16 13 11 10 11 11 12 12 13 11 10 8 7 8 10 16 
